0.23535961 -0.07845324 -0.078453064
-0.15690637 0.0 0.078453064
0.0 -0.23535961 0.7060795
0.07845318 0.15690643 0.58839846
-0.2745862 0.2745862 0.19613314
-0.9414384 0.39226598 -0.62762547
-0.6276256 0.196133 -0.8237591
1.2160246 0.19613299 -0.8237581
1.3337044 -0.19613299 -0.27458572
-0.39226604 -0.47071922 -1.0198917
-0.6276255 0.03922659 -0.62762547
-0.6276256 0.15690643 -0.039227486
-0.1176798 0.0 1.0983448
0.4707192 -0.03922659 0.23536015
0.23535961 -0.23535961 -0.15690613
0.6668521 0.0 0.5491724
0.6276256 -0.6276256 0.62762547
0.23535967 -0.35303938 0.3530388
-0.35303938 0.31381273 0.11768055
0.23535955 0.15690649 0.27458572
0.70607877 -0.6276256 0.62762547
-0.2745862 0.70607877 0.6668525
0.15690637 0.2745862 0.50994587
0.0 -0.19613302 0.3922658
0.03922677 -0.47071922 -1.2552514
-0.50994587 -0.15690637 -0.86298513
-0.98066497 0.78453195 0.62762547
0.15690637 -0.2745862 1.1375718
-0.07845318 0.117679834 -1.4121575
-0.7453054 -0.117679834 -1.412158
-0.35303938 -0.23535955 -1.2944775
0.5099458 -0.43149257 -0.50994587
0.5099458 -0.31381285 -0.078453064
-0.7060788 0.2745862 0.039226532
-0.3138128 -0.039226532 0.50994587
0.196133 0.23535955 0.74530506
0.43149257 0.19613302 0.745306
-0.117679775 0.43149257 0.5099449
0.19613296 0.35303938 0.11768055
0.0 -0.70607877 -0.9414387
-0.6668522 -0.7060789 -0.5491724
-0.35303938 0.23535967 -0.3138132
0.039226606 0.50994575 0.11768055
0.0 0.0 0.43149185
0.03922659 0.0784533 0.0
0.1569064 0.07845318 0.50994587
0.0784532 0.19613296 0.27458668
0.0392266 -0.19613296 -0.19613361
0.0 -0.07845318 -0.23535919
-0.0392266 0.50994575 -0.23535919
0.2353596 -0.07845318 0.27458572
0.1569064 0.0 0.117679596
0.117679805 0.117679775 0.23536015
-0.1569064 0.23535958 0.15690613
0.117679805 0.03922662 -0.117679596
0.19613296 -0.23535961 -0.117679596
-0.47071916 0.117679775 0.43149185
-0.5099458 0.19613302 1.0983448
0.039226606 0.117679805 2.5889559
0.1569064 0.23535958 2.7850885
0.0392266 0.0784532 1.372931
-0.0784532 0.0392266 0.70607877
0.0 -0.0392266 0.39226598
0.0 -0.0392266 0.03922659
0.0 0.0392266 0.07845321
0.0392266 0.0392266 0.11767979
-0.0392266 -0.0784532 0.0
0.0 0.0 0.1569064
0.0 -0.0784532 -0.0784532
-0.0392266 -0.0784532 -0.1176798
0.0392266 0.1176798 0.0
0.0 0.0784532 0.0784532
0.0392266 -0.0784532 -0.0392266
0.0 0.0 -0.196133
0.0 0.0 0.07845321
-39.971905 -39.775772 -39.89345
19.770206 20.084019 20.084019
10.002783 10.04201 10.042009
5.1386843 5.060231 5.2563643
3.8834333 3.608847 3.7657535
0.6276255 0.6276256 0.588399
0.35303938 0.35303938 0.19613299
0.1569064 0.19613299 0.1569064
-0.0392266 0.039226606 0.0784532
0.0784532 0.03922659 0.11767979
0.0784532 0.07845318 0.117679805
-0.0392266 0.03922662 0.0
0.0 -0.03922662 -0.117679805
0.0 -0.07845318 -0.07845319
-18.985674 31.14592 -38.75588
8.747532 -14.9453335 19.37794
4.8248715 -7.413828 9.767423
2.510502 -3.7265267 4.7464185
1.176798 -1.9221032 2.4712758
0.58839905 -1.0198917 1.1767979
0.23535955 -0.5491723 0.784532
0.117679834 -0.31381285 0.3138128
0.117679775 -0.15690637 0.19613299
3.4127142 -2.628182 -0.1569064
-2.0790098 1.5690639 0.19613299
-1.1375713 0.94143844 0.0
-2.0397832 14.121576 -29.576855
1.372931 -7.1000147 14.749201
-3.1773543 3.2950344 1.412157
1.9221032 -5.7270837 6.7469754
1.0198915 -2.8635416 3.412714
0.7060788 -1.4513843 1.6867439
14.513842 1.5690639 -18.750315
-16.200586 -1.84365 -8.786758
1.1375715 -0.58839905 14.592295
0.54917234 -0.3138128 7.1000147
1.5690639 0.117679834 -3.334261
-0.4707192 -0.15690643 5.1386847
-1.0983448 1.0198916 -3.295035
0.98066497 -0.94143844 1.2552514
-0.19613299 -0.03922662 3.373488
0.7453054 0.117679834 -1.8044238
-1.0591182 0.47071916 -0.666852
-0.039226606 -0.19613302 0.5099454
0.8629852 0.117679834 -2.3143692
-0.4707192 0.03922659 -1.2552509
-0.1176798 -0.03922659 -0.35303974
0.1176798 -0.117679834 -0.19613266
0.0784532 0.117679834 0.15690613
-0.2353596 0.0 0.039226532
0.0392266 -0.03922659 0.117679596
0.1569064 0.03922659 -0.039226532
0.039226606 0.0 0.039226532
0.0 0.0 0.15690708
-0.039226606 0.0 0.0
0.039226606 0.03922659 -0.11768055
0.0 -0.07845318 0.039227486
0.0 0.0 0.078453064
-0.039226606 0.03922659 -0.11768055
0.07845321 0.0 0.07845402
0.03922659 0.117679834 -0.039226532
-0.03922659 -0.07845324 0.078453064
-0.039226606 0.07845324 -0.19613361
-0.039226606 0.0 0.0
0.0 -0.03922665 0.078453064
-0.03922659 0.07845318 0.07845402
0.0 -0.07845318 0.078453064
0.0 -0.23535961 -0.078453064
0.03922659 0.07845324 -0.11768055
0.039226606 0.117679775 0.0
-0.039226606 0.0 0.0
0.0 0.03922659 -0.078453064
0.0 -0.03922659 0.039226532
0.07845321 -0.03922659 0.15690708
-0.196133 0.0 -0.15690708
0.0784532 -0.03922659 -0.078453064
-0.1176798 0.07845318 0.039226532
0.19613299 -0.07845318 0.117679596
-0.2353596 0.0 0.0
0.0784532 0.07845318 -0.078453064
-0.19613299 -0.07845318 -0.039226532
0.2353596 -0.03922659 -0.23535919
0.1569064 0.0 -0.039226532
-0.117679805 -0.03922665 0.117679596
0.0 0.0 0.15690613
-0.19613299 0.0 0.039226532
0.0392266 -0.07845318 0.11768055
0.1176798 0.03922659 0.078453064
0.1176798 0.07845324 0.23535919
0.039226606 0.0 -0.27458572
-0.039226606 0.07845318 -0.23536015
-0.0784532 0.117679834 -0.117679596
-0.0784532 -0.07845324 -0.039226532
0.0392266 -0.117679775 0.117679596
0.0392266 -0.03922665 0.15690613
-0.1569064 -0.03922659 0.0
-0.2353596 0.0 -0.117679596
0.19613299 0.15690643 -0.15690613
0.19613299 0.19613302 0.15690613
0.117679805 -0.15690643 -0.27458572
0.0 -0.2745862 -0.15690708
0.07845318 -0.15690637 -0.117679596
0.19613302 -0.07845321 0.23536015
0.35303938 0.0 0.19613266
0.6276256 -0.07845321 0.0
-0.588399 -0.39226598 -0.62762547
-0.2745862 -0.392266 -0.58839893
-0.03922659 0.35303938 -0.117679596
0.47071922 0.2745862 0.23535919
0.4707191 -0.11767979 0.39226627
-0.039226532 0.0 0.039226532
0.07845318 0.3138128 -0.15690613
0.2745862 0.03922662 -0.039227486
0.4314927 0.0 -0.27458572
0.23535943 0.19613299 0.117679596
0.117679834 0.15690637 0.47071934
0.50994587 0.5491724 -0.039226532
0.039226532 -0.50994575 -0.27458668
-0.1961329 -0.5099458 -0.31381226
-0.0784533 -0.117679805 -0.15690613
0.50994587 0.50994575 0.19613266
0.39226604 0.50994575 0.47071934
-0.03922677 0.19613302 0.078453064
-0.1961329 0.117679834 -0.117679596
0.039226532 0.039226532 -0.15690708
0.19613314 0.2745862 0.5883999
0.0 0.23535967 0.7845316
0.0 -0.039226532 0.23535919
0.23535967 -0.47071934 0.11768055
0.2745862 -0.43149257 0.15690613
0.2745862 -0.039226532 0.47071934
0.2745862 0.039226532 0.3530388
0.039226532 -0.039226532 0.0
-0.2745862 -0.31381285 -0.27458572
0.078453064 -0.23535955 0.47071934
-0.2745862 0.03922659 0.5491719
0.35303926 0.23535961 0.0
-0.50994587 -0.47071922 -0.47071886
-0.35303926 -0.11767979 -0.3138132
0.23535967 0.196133 0.19613361
0.62762547 0.35303935 0.15690613
-0.23535967 -0.50994575 -0.07845354
-0.31381273 -0.07845321 -0.35303926
0.07845354 0.07845321 0.078453064
0.5491724 0.2745862 -0.27458572
-0.23535967 -0.5099458 -0.15690708
-0.35303974 -0.23535958 -0.039226532
-0.117679596 0.0 0.039226532
0.1569066 0.0 0.039227486
-0.1569066 -0.31381282 -0.11768055
-0.35303926 -0.15690637 -0.078453064
-0.19613314 0.19613299 -0.039226532
-0.078453064 0.2745862 0.23536015
-0.19613314 -0.117679805 0.078453064
-0.4707191 -0.1569064 -0.078453064
-0.039226532 -0.07845321 -0.19613361
-0.03922677 -0.07845318 0.27458668
-0.078453064 0.23535961 0.19613266
0.117679834 0.07845318 0.0
-0.3530395 -0.43149257 0.15690613
-0.58839893 -0.117679834 0.078453064
-0.03922665 0.07845324 0.19613361
-0.15690637 0.117679775 -0.03922701
0.07845318 -0.19613302 -0.31381273
-0.23535967 -0.35303932 0.117679596
-0.27458608 -0.117679834 0.11768055
0.1961329 -0.117679834 0.07845259
-0.039226532 0.03922665 0.07845354
0.117679715 0.23535955 0.078453064
0.0784533 0.19613302 0.2745862
0.039226532 -0.117679834 -0.19613314
0.07845318 -0.19613302 -0.47071934
-0.15690637 -0.1961329 -0.31381226
-0.07845318 0.2745862 -0.27458668
0.15690637 0.1961329 -0.31381226
0.23535967 -0.07845318 -0.23536015
-0.03922665 -0.117679715 -0.117679596
-0.19613302 -0.0784533 0.117679596
0.0 0.0 0.039226532
-0.039226532 0.19613302 0.039226532
-0.15690649 -0.07845318 -0.039226532
0.19613302 -0.15690637 -0.039226532
0.07845318 -0.15690637 0.039226532
0.07845318 0.1961329 0.0
-0.15690637 -0.15690637 -0.078453064
-0.15690637 0.0 -0.078453064
-0.117679834 0.07845318 -0.039226532
0.2745862 0.19613302 0.0
0.0 0.0 0.078453064
0.07845318 -0.07845318 0.0
-0.35303938 0.03922665 0.0
-0.19613302 0.0 0.0
0.15690649 0.117679715 -0.039226532
-0.03922665 0.0 0.0
0.0 -0.35303938 0.19613266
-0.07845318 -0.039226532 -0.078453064
-0.03922665 0.15690637 -0.039226532
0.0 0.117679834 0.0
0.15690649 0.15690637 0.117679596
0.15690637 0.07845318 -0.039226532
0.23535955 -0.117679834 -0.039226532
-0.07845318 0.0 -0.078453064
-0.2745862 0.2745862 -0.27458572
0.03922665 0.117679834 -0.039226532
0.39226592 -0.03922659 0.0
-0.31381273 0.19613296 -0.23536015
-0.35303938 0.15690643 -0.117679596
-0.23535961 -0.15690643 -0.117679596
-0.3138128 -0.03922659 -0.117679596
0.117679775 -0.03922659 0.078453064
0.19613302 0.117679775 -0.23536015
0.19613296 0.07845321 0.117679596
0.07845318 0.117679805 0.0
0.23535967 -0.07845318 -0.078453064
0.19613302 -0.117679834 0.039226532
-0.2745862 -0.15690637 0.07845402
-0.5099458 0.19613299 -0.19613361
-0.117679834 -0.07845321 0.62762547
0.03922659 -0.03922659 0.39226627
0.117679834 0.03922659 0.15690613
-0.15690643 -0.35303938 0.078453064
-0.117679775 -0.15690637 -0.39226532
0.0 -0.15690637 0.3530388
0.23535961 -0.0784533 0.078453064
-0.117679834 0.23535967 0.039227486
-0.03922659 0.23535955 -0.07845402
0.03922659 0.15690643 -0.23535919
0.07845324 -0.23535961 -0.078453064
-0.15690643 -0.5491724 -0.15690613
-0.23535958 0.0 0.0
0.0 0.35303938 0.117679596
-0.03922662 0.39226604 0.039226532
0.03922662 -0.07845318 0.0
0.1569064 -0.23535967 -0.23536015
-0.03922659 -0.039226532 -0.27458572
0.0 -0.15690637 0.0
0.03922659 -0.0784533 -0.27458668
0.23535961 -0.07845318 0.11768055
0.0 0.07845318 0.039226532
0.07845318 -0.117679715 0.19613266
0.19613302 0.039226532 0.15690613
-0.07845318 0.15690649 0.19613361
-0.07845324 -0.03922665 -0.039226532
0.07845324 0.0 0.078453064
-0.117679834 0.0 0.039226532
-0.15690643 -0.15690637 0.117679596
-0.03922659 0.19613302 -0.078453064
0.117679834 -0.03922665 0.0
0.0 -0.19613302 -0.078453064
-0.19613302 -0.039226532 0.0
-0.1569064 0.07845318 0.19613266
-0.07845321 0.19613302 0.4314928
0.03922662 0.07845318 0.666852
0.0 -0.117679834 0.9414387
-0.5491724 -0.07845318 1.7651968
0.0392266 0.6668522 2.8635416
-0.0784532 0.43149257 1.4513842
0.0784532 0.19613299 0.7060788
0.0 0.1176798 0.392266
-0.0392266 -0.0784532 0.11767979
0.0784532 0.1176798 0.0392266
0.0392266 0.07845319 0.0392266
-0.0784532 -0.07845319 0.0784532
0.0392266 0.0 -0.0784532
0.0 0.07845319 -0.0784532
-0.0392266 -0.03922659 0.0784532
-0.0392266 -0.0784532 -0.1569064
0.0784532 0.0392266 0.0392266
-0.0392266 0.0 -0.1569064
-0.0784532 0.07845319 0.039226606
-0.0784532 -0.03922659 -0.2353596
10.081236 20.829325 -21.456951
-4.4718328 -6.0408964 11.807207
-2.1966894 -3.1381283 5.570177
-1.0591183 -1.8044233 2.6674085
-0.39226592 -1.0591183 1.372931
-0.23535967 -0.8629856 0.6276256
-0.039226532 -0.8237581 0.3138128
-0.117679834 -0.9414382 0.1569064
-0.5491724 -1.0198917 0.07845318
-0.86298513 -0.706079 -0.07845318
-1.2552512 0.07845354 0.0
-1.0198916 0.50994587 0.03922659
-0.5491724 0.9414382 -0.03922659
-7.3746004 36.951454 -15.063014
5.021004 -21.496176 7.256921
2.549729 -10.669634 3.6480737
1.4121574 -5.413271 1.8828769
0.66685224 -2.5889556 0.86298513
0.23535961 -1.3337045 0.43149263
0.15690638 -0.7060787 0.27458617
0.1176798 -0.35303938 0.19613299
5.570177 22.633749 3.020448
-4.0795665 -5.923218 -2.5497289
-0.7060788 -8.394491 -0.3138128
-0.35303938 -4.2756996 0.0
-0.2745862 -2.1574628 -0.039226606
-0.0392266 -1.0983447 -0.07845319
0.0 0.0 -0.0392266
0.0784532 -0.50994587 0.0
-0.82375854 25.105022 -4.9033246
0.27458617 -12.670191 2.4712756
0.19613299 -6.354709 1.2944778
0.0 -3.2165813 0.54917234
5.4524975 13.101685 -1.4121575
-1.8044238 -6.2762556 0.78453207
-1.7259703 -4.6679654 0.58839893
-0.90221184 -2.3928227 0.3138128
5.9232163 -1.3337042 -6.8646545
-3.2558079 0.5491724 3.6480734
-5.2171373 -3.7657535 -5.8447638
0.98066497 0.6668521 4.824872
0.392266 0.4314926 2.353596
0.23535961 0.1569064 1.1375713
0.39226598 0.392266 0.2745862
-0.03922659 -0.117679834 0.47071916
-0.0392266 -0.07845318 0.19613299
-14.200028 4.275699 -39.971905
7.021561 -2.1966894 19.887886
3.4519405 -1.0591182 10.159689
4.275699 -0.9022118 3.8442068
1.0983448 -0.4707192 1.8436503
-8.825985 5.3348174 -37.85367
3.5303938 -2.6281822 21.143137
2.1966896 -1.4121575 10.002783
5.295591 1.4121575 -15.10224
-1.9221032 -1.2552512 12.78787
-0.7453054 -0.82375854 0.15690613
-0.39226604 0.23535961 3.2950344
0.9022118 -0.23535961 -0.039226532
-0.117679834 0.5099458 -2.5497284
-0.43149257 -0.43149263 1.4513836
-0.5099458 -0.07845318 1.2944784
-0.15690637 0.0 -0.039226532
0.0 -0.03922659 -0.11768055
-0.03922659 -0.03922659 0.039226532
-0.03922659 0.117679775 -0.078453064
0.03922659 -0.07845318 0.0
-0.03922659 0.03922659 0.117679596
0.03922659 -0.07845318 -0.15690613
0.0 0.07845318 0.078453064
0.03922659 0.07845318 0.15690708
-0.03922659 0.03922659 -0.07845402
-0.07845321 -0.03922659 0.039227486
0.03922662 -0.07845318 0.0
0.03922659 0.03922659 0.0
-0.07845321 -0.03922659 -0.11768055
0.03922662 0.03922659 0.078453064
0.0 -0.03922659 0.039227486
0.07845318 0.03922659 -0.039227486
-0.03922659 -0.03922659 0.039227486
-0.03922659 -0.03922659 -0.039227486
-0.03922662 0.15690637 0.07845402
0.0 -0.07845318 -0.039226532
-0.07845321 -0.07845318 0.117679596
0.03922662 -0.03922659 0.0
0.03922659 0.0 -0.117679596
0.0 0.0 -0.039227486
0.03922662 0.0 0.07845402
0.03922659 0.117679775 -0.07845402
-0.03922659 -0.03922659 -0.039226532
0.03922659 0.07845318 0.0
0.0 0.0 -0.078453064
-0.03922659 -0.03922659 0.078453064
0.03922659 -0.07845318 0.039226532
0.0 -0.03922659 0.039227486
0.03922659 0.07845318 -0.3138132
0.3138128 -0.03922659 0.3138132
-0.07845318 0.03922659 -0.39226627
-0.07845324 0.0 0.039226532
-0.23535955 0.117679775 0.039226532
0.07845318 -0.117679775 0.19613266
-0.07845318 0.0 0.11768055
-0.03922662 -0.03922659 -0.039227486
-1.0198916 -0.47071922 -0.15690613
0.3530394 -0.2353596 0.0
1.0198916 1.0591182 0.35303974
0.31381273 0.23535955 -0.117679596
-0.39226598 -0.19613296 -0.07845402
-0.50994575 -0.117679775 -0.078453064
-0.35303938 -0.15690643 0.078453064
-0.1569064 0.15690643 -0.23535919
-0.78453195 -0.392266 0.117679596
-0.50994575 -0.3138128 -0.5491724
0.58839893 0.35303938 -0.23535919
0.70607877 0.8237586 -0.35303974
1.4513842 0.5491723 -0.039226532
-0.15690637 0.70607877 -0.15690613
-0.58839905 -0.1961329 0.0
-0.9022118 -0.66685224 -0.47071934
-0.58839893 -0.117679834 -0.117679596
0.70607877 -0.07845318 0.039226532
1.176798 -0.117679715 0.4314928
-0.15690643 0.66685224 0.7845316
-0.9414384 0.1961329 0.23536015
0.07845321 -0.8237586 -0.23536015
1.2160246 -1.1375713 -0.19613266
0.0 -0.07845321 -0.745306
-0.66685224 0.66685224 -1.1767979
-0.03922659 0.19613296 -1.4513836
0.588399 0.03922665 -0.35303974
-0.19613302 -0.19613302 1.0983448
-0.3138128 -0.35303938 1.6867437
0.0 -0.4314926 0.90221214
0.15690643 -0.0784532 -0.039226532
0.03922659 0.0 -0.3138132
0.0 -0.35303938 0.039226532
0.0 0.0 0.23536015
0.5099458 0.2745862 0.86298466
0.039226532 0.0392266 0.0
-0.19613296 -0.1176798 0.5491724
-0.03922659 -0.35303938 0.117679596
0.15690637 -0.1569064 -0.3530388
0.117679834 0.4314926 -0.15690708
-0.117679834 0.23535958 0.3138132
-0.35303938 -0.0392266 0.23535919
0.2745862 -0.2353596 0.19613361
-0.03922659 -0.43149257 -0.35303974
-0.03922659 0.50994575 -0.5491724
0.23535955 0.2745862 -0.117679596
-0.15690637 -0.35303938 0.19613266
-0.117679775 -0.11767979 -0.31381226
-0.15690643 0.1569064 0.117679596
0.43149257 0.11767979 0.3530388
-0.039226532 0.19613299 0.27458668
-0.35303944 0.35303938 0.23535919
-0.07845318 0.03922662 0.50994587
0.15690643 0.117679775 0.58839893
0.03922659 -0.03922659 -0.039226532
-0.19613302 -0.2745862 -0.15690613
0.03922659 -0.03922659 -0.117679596
0.39226604 -0.2745862 -0.23536015
-0.19613302 0.0 -0.039226532
-0.19613302 0.3138128 0.47071934
0.07845318 0.19613302 0.35303974
-0.15690637 -0.47071922 -0.23536015
-0.4707192 -0.3138128 -0.3530388
-0.19613299 0.07845321 -0.23536015
0.23535958 -0.039226606 0.11768055
-0.1569064 -0.11767979 0.039226532
0.0392266 -0.19613302 -0.039226532
-0.0784532 0.03922659 0.27458572
0.1176798 0.19613302 0.117679596
0.4314926 -0.43149257 0.0
-0.15690643 -0.3138128 -0.23535919
-0.07845318 -0.39226604 0.15690613
0.1569064 -0.39226592 0.4314928
0.392266 -0.47071934 0.078453064
0.0 0.2745862 -0.19613266
-0.3138128 0.19613314 0.27458572
-0.15690643 0.039226532 0.19613314
0.07845321 -0.07845318 0.0
0.117679805 -0.03922665 -0.117679596
-0.03922659 0.117679834 -0.03922701
-0.117679805 0.15690637 -0.3530388
0.23535958 0.0 -0.7060795
0.117679775 -0.2745862 -0.50994587
0.117679834 -0.078453064 -0.23535919
0.2745862 0.27458608 -0.4314928
-0.07845318 -0.31381285 -0.039226532
-0.19613302 -0.078453064 0.0
0.07845318 0.078453064 0.35303974
0.117679834 0.0 -0.23536015
0.0 0.19613314 0.0
-0.23535961 -0.03922665 -0.27458572
-0.117679834 -0.117679715 -0.19613266
0.15690643 0.078453064 -0.23536015
0.15690637 0.3530395 -0.50994587
-0.117679775 -0.117679834 0.19613361
-0.03922659 -0.03922665 0.43149185
0.19613302 -0.039226532 0.078453064
-0.19613302 0.039226532 0.15690708
-0.03922659 -0.07845318 0.3530388
0.19613296 0.0 0.27458668
0.03922665 0.07845318 0.19613266
-0.23535961 -0.039226532 0.15690613
-0.07845324 -0.07845318 0.039227486
0.03922665 -0.03922665 -0.11768055
0.03922659 -0.03922665 0.0
-0.07845324 0.117679834 -0.039226532
-0.15690637 -0.117679834 -0.19613266
0.19613302 0.15690649 0.039226532
0.117679775 0.0 0.117679596
-0.117679775 -0.117679834 -0.19613266
-0.15690643 -0.15690649 0.0
0.0 0.0784533 0.039226532
0.0 0.07845318 -0.039226532
-0.07845318 0.117679834 0.0
-0.1569064 0.0 0.15690613
0.1569064 0.039226532 0.19613266
-0.117679805 0.03922665 0.0
-0.07845321 0.0 -0.15690613
-0.07845318 0.039226532 -0.078453064
0.03922659 0.0 -0.039226532
0.07845321 0.0 -0.23535919
-0.03922662 0.0 -0.039227486
-0.03922659 0.0 0.07845402
0.0 0.117679834 -0.07845402
0.07845321 0.15690637 0.039227486
-0.117679805 0.07845318 -0.07845402
-0.2353596 -0.1961329 -0.078453064
0.0 -0.19613302 0.039226532
0.0 -0.03922665 0.23536015
0.0392266 0.15690649 0.078453064
0.0 0.07845318 -0.078453064
0.1176798 0.039226532 0.039226532
-0.039226606 -0.07845318 -0.15690613
0.0 -0.117679834 0.039226532
-0.07845319 0.0 -0.15690708
0.07845319 -0.117679715 0.11768055
0.039226606 0.07845318 0.117679596
0.0 0.07845318 0.039226532
0.0 -0.117679834 -0.117679596
-0.0784532 0.0 0.078453064
-0.0392266 0.03922665 0.15690613
0.07845319 0.117679834 0.039226532
0.0 -0.03922665 -0.039226532
-0.03922659 0.07845318 -0.078453064
0.0 0.117679834 -0.039226532
0.0784532 -0.117679834 0.0
0.039226606 -0.07845318 0.0
0.0 0.03922665 0.078453064
0.0 0.117679715 0.039226532
-0.039226606 0.07845318 0.078453064
0.0 -0.039226532 0.039226532
0.0784532 -0.07845318 -0.117679596
-0.117679805 -0.117679834 -0.23535919
0.039226606 0.0 -0.039226532
-0.0784532 0.07845318 -0.039227486
0.0784532 0.0 0.11768055
-0.0784532 -0.117679834 -0.039226532
-0.1176798 0.117679834 -0.07845402
0.1176798 0.0 -0.15690613
0.0784532 -0.039226532 0.0
0.0 -0.0784533 0.078453064
0.039226606 0.0784533 0.039226532
-0.039226606 0.039226532 -0.078453064
-0.0784532 0.03922665 0.15690708
0.0 0.0 -0.039227486
0.117679805 0.039226532 0.11768055
-0.07845321 0.03922665 -0.039226532
0.0 0.039226532 -0.07845402
0.039226606 0.117679834 0.039227486
0.0 -0.117679834 0.039226532
-0.039226606 -0.07845318 -0.07845402
0.039226606 0.07845318 0.07845402
0.0 0.117679834 0.078453064
0.0 0.0 0.117679596
0.0 -0.117679834 -0.078453064
0.0784532 -0.07845318 -0.117679596
0.03922659 0.07845318 -0.07845402
-0.03922659 -0.039226532 -0.039226532
-0.03922659 0.0 -0.117679596
0.03922659 0.117679715 0.15690613
-0.03922659 -0.039226532 0.15690708
-0.117679805 -0.03922665 -0.039226532
-0.0784532 0.07845318 -0.039226532
0.0 -0.07845318 0.078453064
0.11767979 -0.07845318 0.078453064
0.0 0.15690637 -0.15690613
-0.03922659 -0.039226532 -0.039226532
-0.0392266 -0.07845318 -0.039227486
0.1176798 -0.03922665 0.0
0.039226606 -0.117679715 0.11768055
-0.117679805 -0.0784533 -0.039226532
0.0784532 -0.117679715 -0.039226532
0.0784532 -0.117679834 -0.07845402
0.03922659 -0.07845318 -0.039226532
0.07845321 0.117679834 -0.039226532
0.07845321 0.1961329 0.19613361
0.07845318 0.0 0.15690613
-0.03922659 0.19613302 0.0
-0.117679805 0.03922665 -0.039226532
-0.03922662 -0.03922665 0.039226532
-0.07845318 0.03922665 -0.039226532
0.03922659 -0.03922665 -0.117679596
0.03922659 0.0 0.078453064
-0.07845318 0.07845318 0.078453064
-0.1569064 0.0 -0.039226532
0.117679805 0.0 0.078453064
0.07845318 -0.117679715 -0.078453064
-0.07845318 -0.19613302 -0.117679596
-0.039226606 0.0 0.078453064
0.039226606 0.0 -0.078453064
0.0 -0.07845318 -0.11768055
-0.039226606 0.15690637 0.0
0.0784532 0.07845318 0.3138132
0.07845318 0.07845318 -0.117679596
0.0 0.0 -0.15690708
0.07845321 0.03922665 0.07845402
0.07845321 0.0 -0.07845402
-0.03922659 0.039226532 0.039227486
-0.07845321 -0.117679715 0.117679596
0.0 -0.07845318 -0.039226532
0.03922659 0.0 -0.039226532
-0.03922659 0.07845318 0.078453064
0.0 0.0 0.078453064
0.03922659 0.039226532 0.039226532
-0.07845321 0.0 0.078453064
-0.03922659 0.07845318 0.039226532
0.03922659 -0.117679715 -0.15690613
-0.07845318 -0.07845318 -0.039226532
-0.0784532 -0.15690649 0.0
0.039226606 0.19613302 0.039226532
0.1569064 0.03922665 0.117679596
-0.03922662 -0.07845318 -0.078453064
-0.19613299 -0.03922665 -0.19613266
0.07845321 0.07845318 -0.11768055
0.03922659 -0.19613302 0.47071934
-0.3138128 0.39226604 -0.117679596
-0.2353596 0.19613302 -0.15690613
-0.039226606 0.27458614 -0.35303974
0.196133 0.0 -0.31381226
-0.0784532 -0.39226598 0.039226532
0.1569064 -0.2745862 0.31381226
0.39226598 0.50994575 -0.078453064
0.19613302 0.35303944 0.35303974
-0.03922659 -0.07845318 0.27458572
0.0 -0.19613302 -0.039226532
0.0 -0.19613296 -0.27458572
-0.117679805 -0.2745862 0.039226532
-0.03922662 0.07845318 -0.039226532
0.07845321 0.07845318 -0.11768055
0.07845321 -0.35303938 -0.23535919
0.03922659 -0.117679834 -0.23535919
0.0 0.0 -0.11768055
0.0 0.0 0.15690708
-0.07845318 0.07845318 0.0
0.0 0.117679834 0.23535919
-0.07845321 -0.039226532 -0.039226532
-0.07845321 -0.03922665 0.3138132
0.0 0.07845318 0.43149185
-0.07845318 0.07845318 0.5491724
-0.2745862 -0.117679715 0.745306
0.0784532 0.07845318 1.2944775
-0.0784532 0.6276255 1.9613299
-0.0784532 0.15690643 2.2359161
0.0392266 0.43149257 1.3337044
-0.0392266 0.23535961 0.588399
0.0 0.0392266 0.2745862
0.0784532 0.1176798 0.19613299
-0.0392266 0.0 0.0
-0.0784532 0.0392266 0.0784532
-0.0392266 0.0 -0.0392266
0.0 0.0 -0.0784532
-0.03922659 -0.0392266 0.0392266
0.11767979 -0.0392266 0.0392266
-0.11767979 0.0 -0.11767979
0.0 0.0392266 0.07845319
0.0 0.1176798 0.0
0.11767979 0.039226606 0.0
0.0 -0.039226606 -0.07845319
-0.0784532 -0.1176798 -0.039226606
-39.93268 39.971905 -39.89345
21.613855 -14.474615 16.357492
8.31604 -8.747532 12.591738
4.001113 -4.4718323 5.8055367
1.8436503 -2.3928223 2.9812214
0.7060785 -1.4906111 1.6082906
0.39226604 -0.98066473 0.6668522
0.15690637 -0.9414382 0.392266
0.58839893 -0.9414387 0.2745862
0.7453054 -0.78453207 0.07845318
0.70607877 -0.31381273 0.03922659
0.7060788 -0.15690613 0.07845318
0.5491724 0.15690613 0.07845324
0.47071916 0.31381273 0.117679775
0.31381285 0.1569066 -0.07845318
-16.906664 -33.69565 -3.0989013
8.041452 14.709975 1.0198916
3.9226599 7.256921 0.54917234
1.8828766 3.6873002 0.35303938
0.9806651 2.7850885 0.6276256
0.39226598 0.2745862 0.07845318
0.19613299 -0.0392266 0.03922662
0.03922659 0.0784532 -0.07845321
0.196133 0.11767979 -0.1569064
15.494506 -40.089584 4.589512
9.767423 36.55919 -0.666852
-16.632076 -4.0403395 -1.1375716
-6.7077484 0.58839893 -0.90221167
-0.23535955 13.180138 3.020448
-6.158576 -5.3348174 7.3746004
-0.31381273 -4.3541527 -5.64863
-0.19613314 -0.43149257 -2.4712753
-1.6475172 1.0591183 -1.1767981
-1.1767974 1.0591182 -1.0591183
0.039226532 -1.1375715 -0.9022118
-0.90221214 1.7259704 -1.7259703
-0.7060785 0.117679834 -1.059118
0.7845316 -0.07845318 -0.43149257
0.86298513 0.35303938 -0.15690637
-1.2944779 -0.07845318 -1.4121578
0.39226627 0.9022118 -2.9812212
3.4911675 -0.3138128 2.9419947
1.6867437 -0.7453054 1.0591183
1.6082904 2.9027684 0.90221167
0.8237586 -0.9022119 0.980665
0.5099458 -0.43149257 0.39226598
0.43149257 2.0005565 -0.117679775
0.03922659 -1.2160245 0.117679775
-16.082907 2.4320493 -39.501186
8.119906 -2.039783 18.711088
3.8049803 -1.0591182 9.885103
1.4513843 -0.7453054 4.1580195
-5.0994577 -1.0983448 -20.633192
4.0403395 0.5491724 13.768537
2.628182 0.6668522 4.9425516
1.4906107 1.0198915 -1.5298376
-0.0392266 -0.58839893 5.217138
-1.5298374 -1.4906108 -2.039783
2.1966896 1.5690639 -7.8453197
-0.50994575 0.117679834 1.8044233
-0.19613299 -0.392266 0.9414387
-0.1569064 -0.588399 5.060231
-0.98066497 0.1176798 -3.0989017
0.58839893 0.6668522 0.35303974
0.2745862 -0.117679775 -0.9414387
-0.50994575 -0.6276256 2.4712763
-0.23535967 0.1176798 -1.333705
0.35303944 0.39226598 -0.15690613
0.117679775 0.0 -0.4314928
-0.3138128 -0.43149257 1.333705
0.0 0.1176798 -0.90221214
0.23535961 0.2745862 -0.15690613
-0.07845318 -0.1569064 0.15690613
0.0 -0.11767979 0.5491724
0.15690637 0.0784532 -0.3138132
-0.03922659 0.117679805 -0.15690613
-0.15690637 -0.117679805 0.039226532
0.15690637 0.03922659 0.15690613
0.117679805 0.07845321 -0.27458572
0.0 -0.1569064 0.15690613
-0.07845321 0.07845319 0.117679596
-0.07845318 0.039226606 -0.078453064
0.117679775 0.039226606 -0.039226532
0.03922662 0.0 -0.117679596
-0.6276256 0.0 0.0
0.19613302 -0.1569064 0.0
0.0 0.07845319 0.50994587
0.5099458 0.07845321 -0.5491724
-0.15690643 0.0 0.078453064
-0.117679775 0.07845318 -0.19613266
0.23535958 0.2745862 0.23535919
0.23535961 -0.03922659 -0.23535919
-0.5491724 0.0 -0.27458668
0.07845318 1.0198915 0.0
0.6276256 -0.5491724 -0.039226532
0.1176798 -0.43149257 -0.31381226
0.11767979 0.70607877 -0.039226532
0.19613299 0.19613302 -0.11768055
0.5099458 -0.7453054 -0.27458572
0.03922659 -0.50994575 -0.3138132
0.27458614 0.0 -0.15690613
-0.23535955 0.39226598 0.666852
0.117679834 -0.3138128 0.90221214
0.2745862 0.07845321 0.4314928
0.0 0.0 -0.62762547
0.15690637 0.07845321 -0.66685295
0.5491724 0.47071916 -0.3530388
0.62762547 0.19613302 0.15690613
0.117679834 -0.15690637 0.5491724
0.19613314 0.2745862 0.078453064
0.117679596 0.039226532 -0.35303974
-0.1961329 -0.039226532 -0.43149185
-0.117679834 0.5491723 -0.039226532
0.0784533 0.15690637 0.3530388
0.117679834 -0.078453064 0.35303974
0.039226532 -0.23535967 0.117679596
0.15690637 -0.2745862 0.35303974
0.0784533 -0.039226532 0.3530388
-0.19613314 0.1961329 0.0
0.0 -0.1961329 -0.117679596
0.19613314 -0.43149263 0.39226627
0.1961329 -0.19613302 0.47071934
0.0 -0.23535955 0.039226532
-0.2745862 -0.392266 -0.27458668
-0.2745862 -0.0784532 -0.15690613
0.1961329 0.0392266 0.50994587
0.23535967 0.2745862 0.4314928
0.039226532 -0.03922659 0.19613266
0.0 -0.2353596 -0.039226532
-0.23535943 0.0 -0.078453064
0.039226532 0.1569064 -0.15690613
0.1961329 0.15690638 -0.07845402
0.03922677 -0.03922659 0.11768055
-0.23535967 0.03922659 -0.23536015
-0.31381273 -0.03922659 -0.47071934
-0.0784533 -0.11767979 -0.039226532
0.23535967 0.0 -0.039226532
0.23535967 0.0784532 0.23536015
-0.6276257 0.1569064 0.5491724
0.0 0.0 0.31381226
-0.8237586 0.0 0.0
-0.35303938 -0.03922659 0.078453064
-0.1961329 -0.23535961 -0.19613266
0.0 -0.11767979 0.039226532
0.039226532 0.1569064 0.19613266
0.2745862 0.039226606 0.4314928
0.35303938 0.117679775 0.11768007
0.15690637 -0.07845318 0.0
0.15690637 -0.2353596 -0.35303974
-0.31381273 -0.19613299 -0.2745862
-0.23535955 0.0 -0.39226532
-0.19613302 0.2353596 -0.39226627
0.23535955 0.1176798 -0.15690613
0.35303938 0.0 0.078453064
-0.039226532 -0.2353596 -0.078453064
-0.70607877 -0.1176798 -0.23536015
-0.35303938 -0.1569064 0.0
0.2745862 0.039226606 0.039226532
0.78453195 0.19613299 0.23536015
0.23535967 0.35303938 0.0
-0.23535967 0.07845318 -0.11768055
-0.47071922 -0.15690638 -0.58839893
-0.43149257 -0.0784532 -0.47071838
-0.39226604 -0.0392266 0.23535919
-0.19613296 0.07845319 0.4314928
0.0 0.23535961 0.31381226
0.0 0.03922659 -0.039226532
0.03922659 -0.2353596 -0.19613266
-0.23535961 -0.2353596 -0.15690613
-0.3138128 0.19613299 0.0
0.2353596 0.117679805 0.31381226
0.19613302 0.0 0.3138132
0.117679775 0.117679805 0.19613266
-0.1569064 0.0 -0.078453064
0.0 -0.196133 -0.23536015
0.03922662 0.0784532 -0.078453064
0.0 0.23535961 -0.19613266
0.03922659 0.50994575 0.0
0.117679775 0.39226604 -0.27458668
-0.03922659 -0.117679834 -0.54917145
0.117679775 -0.039226532 -0.50994587
0.19613302 0.1961329 -0.27458668
0.27458614 -0.117679715 -0.19613266
0.19613302 -0.15690649 -0.078453064
-0.117679715 0.0 0.039226532
0.0 -0.27458614 0.3530388
-0.117679834 -0.15690643 0.58839893
0.23535955 0.07845324 0.47071934
0.15690637 -0.19613302 0.35303974
-0.15690637 -0.117679775 -0.078453064
-0.039226532 -0.07845321 -0.078453064
-0.2745862 -0.117679805 -0.23536015
-0.2745862 -0.23535958 -0.19613266
-0.19613302 0.0 0.039226532
0.03922659 0.1176798 0.23535919
0.35303944 0.039226606 0.39226627
-0.15690643 0.03922659 0.27458572
0.07845318 -0.2745862 -0.117679596
0.3138128 -0.2745862 -0.039226532
-0.03922665 -0.0784532 0.039226532
0.0 0.0 -0.23535919
-0.117679715 -0.07845318 -0.117679596
-0.2745862 0.0 0.117679596
0.03922659 0.27458617 0.078453064
-0.07845324 0.2745862 0.039226532
-0.19613296 -0.2353596 -0.039226532
-0.35303938 -0.1569064 -0.039226532
0.11767979 0.1569064 0.039226532
0.39226598 -0.196133 -0.23535919
-0.07845318 -0.43149257 -0.19613361
-0.5491724 0.07845318 -0.117679596
-0.1176798 0.4314926 -0.15690613
0.4314926 0.23535958 -0.23536015
0.4314926 -0.35303938 -0.15690613
-0.19613302 -0.35303938 0.039226532
-0.15690637 0.0 0.47071934
0.0 0.3138128 0.50994587
0.5099458 0.19613299 0.27458572
0.35303938 -0.3138128 0.0
-0.03922665 -0.4314926 -0.27458572
-0.39226598 0.23535961 -0.078453064
0.03922659 -0.19613302 0.15690613
0.47071922 -0.19613296 0.15690613
-0.31381285 0.23535955 0.078453064
-0.70607877 0.23535961 -0.27458572
0.07845321 0.117679805 -0.47071934
0.6276255 -0.4707192 -0.078453064
0.5491724 -0.54917234 0.15690613
-0.2745862 -0.23535967 -0.15690613
-0.23535955 0.03922665 -0.117679596
-0.35303938 0.117679834 -0.039226532
0.117679775 0.07845318 0.0
0.35303944 0.0 0.039226532
-0.0784533 -0.15690649 0.15690613
-0.23535955 -0.1961329 0.15690613
0.07845318 0.23535955 0.23536015
0.2745862 -0.07845318 0.27458572
-0.07845318 0.39226592 0.23536015
-0.19613302 0.62762564 -0.039226532
-0.19613296 0.03922659 0.0
-0.2745862 -0.19613302 0.078453064
-0.3138128 0.0 -0.15690708
-0.117679805 0.0 0.07845402
-0.1176798 0.15690643 0.31381226
0.0 0.3138128 0.58839893
0.1569064 0.23535958 0.47071934
0.23535961 0.2353596 0.1569066
0.31381276 0.3138128 -0.03922701
0.15690643 -0.03922662 0.0
-0.117679834 0.23535961 0.11768007
-0.15690637 -0.35303938 -0.9414382
-0.4707192 0.117679775 0.19613266
0.1569064 0.3138128 0.19613266
1.0198915 -0.15690637 0.07845402
1.0198916 -0.2745862 -0.27458668
0.1961329 -0.07845321 -0.23535919
-0.039226532 0.117679805 -0.35303974
0.3530395 -0.2353596 -0.8237581
0.1961329 -0.47071916 -0.58839893
-0.3530395 0.07845318 -0.07845402
-0.1961329 0.39226598 0.11768055
-0.3530395 0.39226598 0.23535919
0.19613314 0.4314926 0.078453064
0.2745862 0.15690637 0.15690613
0.50994563 0.2745862 -0.47071838
0.3530395 -0.117679834 -0.66685295
0.15690637 -0.78453195 -0.23535919
0.19613314 -0.35303938 -0.27458668
0.5491724 0.1569064 -0.43149185
0.3922658 -0.35303938 0.078453064
0.1569066 -0.07845319 0.39226627
-0.07845354 0.58839893 0.27458572
0.2745862 0.74530536 -0.39226627
0.1569066 -0.117679715 0.0
-0.90221167 -0.39226604 0.15690708
-1.2552514 0.0 0.27458572
-0.50994563 -0.1569064 0.47071934
-0.50994587 -0.70607877 0.50994587
-0.58839893 -0.196133 0.39226627
-0.07845318 0.196133 0.39226532
0.70607865 -0.6668522 0.27458668
-0.50994563 -0.86298513 -0.27458668
-1.1375713 -0.47071922 -0.5491724
-0.5491724 -0.039226532 0.117679596
0.2745862 0.86298513 0.27458668
0.47071916 1.0198915 0.35303974
-0.07845318 0.35303938 0.19613266
-0.3138128 -0.19613299 -0.117679596
-0.98066497 -0.11767979 -0.666852
-0.43149263 -0.3138128 0.31381226
-0.31381273 -0.03922659 0.117679596
-0.23535967 0.15690637 0.15690708
-0.117679715 -0.03922659 -0.23536015
0.0 -0.117679775 -0.19613266
-0.117679834 -0.19613302 -0.039226532
-0.07845318 0.117679834 -0.23536015
0.15690637 0.19613296 0.078453064
0.35303938 -0.07845318 0.07845402
0.19613302 -0.47071916 0.039226532
0.15690637 -0.31381285 -0.039226532
0.0 -0.15690637 0.0
0.03922665 0.0 -0.27458668
0.0 0.03922665 0.0
0.0 -0.117679834 -0.27458572
-0.07845318 -0.19613302 0.039226532
0.15690637 -0.03922665 0.15690613
0.07845318 0.15690649 0.27458572
0.03922659 0.4707191 0.27458668
0.0 0.47071922 0.19613266
0.0 0.23535961 0.078453064
-0.19613296 -0.54917234 0.07845402
-0.15690637 -0.43149257 -0.27458668
-0.117679834 0.039226532 -0.039226532
-0.03922665 0.19613302 0.23535919
0.117679834 0.2745862 0.35303974
0.07845318 0.15690637 0.078453064
-0.15690637 -0.07845318 0.35303974
-0.23535955 -0.31381285 0.58839893
0.0 0.03922665 0.90221167
-0.2745862 0.74530536 0.6668525
-0.117679834 0.31381282 1.6082902
0.86298513 0.03922659 2.0397832
0.43149263 0.0392266 1.372931
0.2745862 0.0784532 0.78453195
0.03922659 0.0392266 0.2745862
0.03922659 0.0392266 0.19613299
0.0784532 0.0784532 0.0784532
0.039226606 0.0 -0.0392266
0.07845319 0.07845319 0.0784532
0.0392266 -0.03922659 -0.1569064
0.0392266 0.0784532 0.0392266
0.0 -0.039226606 -0.0784532
0.0784532 0.0 0.0392266
9.57129 -2.0790098 -10.787314
-3.0596747 8.8652115 -32.714985
-10.120462 -1.4121575 13.219366
-1.4121575 -3.138128 14.160803
1.8436503 -1.6867437 7.8060923
1.6082904 -0.70607877 4.4718323
1.0591182 -0.70607877 1.9221034
0.8237586 -0.7060788 -0.31381273
0.98066497 0.58839905 -4.628739
0.86298525 2.039783 -7.2569203
0.4707191 0.8237586 0.23535919
-0.2745862 -0.5491724 2.7850885
-0.39226604 -0.5491724 1.4906111
-0.50994575 0.07845318 -0.4314928
-0.07845318 -0.039226532 0.31381226
-0.039226532 -0.19613302 0.5883999
0.117679715 0.0 -0.07845402
0.07845318 0.03922659 -0.3530388
0.0784533 0.0 -0.27458668
-0.15690649 -0.117679834 -0.039226532
-0.117679715 -0.117679775 0.27458668
0.0 0.0 0.117679596
-0.03922665 0.15690637 0.0
0.0 0.0 -0.117679596
0.0 0.0 0.039226532
-0.07845318 0.0 0.0
0.0 -0.07845318 0.0
0.0 -0.07845318 0.039226532
0.07845318 0.03922659 0.117679596
0.19613302 0.0 -0.117679596
0.15690637 0.0 -0.23536015
-0.07845318 -0.117679775 -0.15690613
-0.117679834 0.03922659 0.19613266
-0.15690637 0.07845318 0.19613361
-0.15690637 0.0 0.078453064
0.039226532 0.0 -0.117679596
0.117679834 0.07845318 0.078453064
0.07845318 0.07845324 -0.19613266
0.07845318 0.07845318 -0.11768055
-0.039226532 0.07845318 0.039226532
0.0 -0.117679775 0.11768055
-0.03922665 0.0 0.15690613
0.03922665 0.03922659 0.15690613
-0.07845318 0.0 0.0
0.07845318 0.03922659 -0.19613266
0.07845318 0.15690643 -0.078453064
0.039226532 -0.15690643 -0.078453064
0.03922665 -0.15690643 0.19613266
-0.117679834 -0.07845318 0.15690613
0.07845318 0.03922659 0.117679596
0.117679834 0.117679834 -0.15690613
0.07845318 0.07845318 -0.27458572
0.0 -0.07845318 -0.039226532
0.03922665 -0.117679834 0.19613266
-0.15690637 -0.19613296 0.117679596
0.0 0.0 0.078453064
-0.03922665 -0.03922659 -0.039226532
-0.03922665 0.19613296 -0.19613266
0.0 0.2745862 -0.27458668
0.19613302 0.07845318 0.0
0.15690649 0.03922665 0.039226532
-0.0784533 0.0 0.19613361
-0.07845318 -0.03922665 0.117679596
0.117679834 -0.117679775 0.078453064
0.19613302 0.03922659 -0.19613266
0.0 0.15690637 -0.039226532
-0.039226532 0.03922665 -0.078453064
0.0 0.19613302 0.078453064
0.0 0.0 0.15690613
0.0 -0.07845318 -0.15690613
-0.0784533 0.0 -0.11768055
0.0784533 -0.0784533 0.0
-0.15690649 -0.1961329 0.23536015
0.03922665 0.15690637 -0.117679596
-0.03922665 0.0 0.50994587
0.0 -0.03922665 0.0
0.15690649 0.43149257 -0.39226627
0.039226532 -0.23535955 -0.3138132
0.117679834 -0.117679834 -0.039226532
-0.117679834 0.19613302 0.117679596
0.078453064 -0.15690637 -0.15690613
-0.117679596 0.0 -0.39226532
-0.31381285 0.07845318 -0.039227486
0.07845318 0.03922665 -0.19613266
0.5491724 0.07845318 -0.15690613
0.23535967 -0.15690637 0.0
0.15690637 -0.23535967 -0.078453064
-0.03922677 -0.3138128 0.039226532
0.0784533 -0.35303938 0.039226532
-0.039226532 0.03922662 -0.23536015
-0.19613314 -0.03922662 0.039226532
0.2745862 0.03922662 -0.078453064
-0.15690637 0.31381276 0.039226532
-0.039226532 0.47071916 0.15690708
0.15690637 0.117679834 0.19613266
0.2745862 -0.07845318 0.078453064
0.23535967 -0.19613302 0.3138132
-0.117679834 -0.15690637 0.0
-0.03922677 -0.4314926 0.039226532
-0.27458596 0.03922662 -0.35303974
-0.1569066 0.117679775 0.23536015
-0.078453064 0.0 -0.039226532
0.039226532 -0.07845318 0.039226532
0.0 0.0 -0.3138132
0.0 0.35303938 -0.15690613
0.0784533 0.19613302 0.117679596
-0.2745862 -0.15690643 0.15690613
-0.43149257 -0.23535961 0.039226532
-0.4314927 -0.15690637 -0.19613266
-0.19613302 0.0 -0.3138132
-0.31381273 -0.07845321 -0.078453064
-0.2745862 -0.1569064 -0.078453064
-0.117679834 -0.2745862 0.3138132
0.03922659 0.0784532 0.078453064
0.0 0.0392266 0.27458572
0.23535961 -0.35303938 0.11768055
0.03922665 -0.2745862 0.47071838
-0.07845324 0.0 0.4314928
-0.19613302 -0.03922662 0.27458668
-0.15690637 -0.03922659 0.117679596
-0.03922659 0.03922659 0.31381226
-0.03922659 0.117679834 0.35303974
0.23535955 -0.2745862 -0.078453064
0.07845324 -0.5099458 -0.15690613
-0.15690643 -0.2745862 -0.039226532
-0.23535958 -0.117679715 -0.11768055
-0.196133 0.117679715 -0.039226532
-0.2745862 0.03922665 0.27458668
-0.3138128 0.35303938 0.15690613
-0.3138128 0.3138128 0.23535919
-0.03922659 0.117679775 0.35303974
-0.07845318 -0.15690637 0.11768007
-0.23535967 -0.117679834 0.15690613
-0.039226532 -0.117679834 0.0
0.039226532 -0.1961329 -0.23535967
0.117679834 -0.117679834 -0.19613266
0.15690643 -0.07845318 -0.15690613
0.07845318 0.0 0.078453064
0.07845318 0.2745862 -0.15690708
0.07845318 0.35303938 -0.117679596
0.0 0.19613296 -0.15690613
0.03922662 -0.03922659 -0.19613266
0.0 0.03922659 -0.3138132
0.19613299 0.0 -0.23535919
0.07845321 -0.117679775 -0.19613361
0.0 0.03922659 -0.039226532
-0.039226606 -0.03922659 0.0
0.0784532 -0.15690643 0.0
0.0 -0.117679775 -0.039226532
-0.117679805 0.117679775 -0.078453064
-0.03922659 0.23535961 -0.27458668
-0.117679805 -0.15690637 -0.27458572
-0.07845321 -0.03922665 -0.078453064
-0.19613296 0.03922665 0.0
0.117679775 -0.07845324 0.078453064
0.1569064 -0.07845318 0.039226532
0.07845321 -0.19613296 -0.078453064
-0.117679805 -0.19613302 0.078453064
0.07845321 -0.15690637 0.078453064
-0.03922662 0.117679715 0.27458668
-0.07845321 0.117679834 0.19613266
0.117679834 -0.19613302 0.15690613
0.0 0.07845318 0.3138132
0.0 0.23535967 0.27458572
0.0 0.23535955 0.5491724
-0.2745862 0.19613302 1.0983453
0.0 0.588399 1.5298371
0.2745862 0.19613299 2.2751427
0.23535958 -0.1569064 1.569064
-0.0784532 0.1176798 0.8629852
0.1176798 0.0784532 0.47071922
-0.1176798 -0.0392266 0.23535958
0.039226606 0.0784532 0.0784532
0.03922659 0.0 0.0392266
0.0 0.03922659 0.0784532
0.0 0.0 -0.0784532
0.0392266 -0.03922659 -0.0392266
0.0392266 0.0 0.0392266
-0.0392266 0.0 -0.0392266
0.0784532 0.0 0.0392266
0.0392266 0.0 -0.0392266
8.982891 10.865768 -34.284046
-12.160246 4.667965 -9.532066
-3.6480734 -5.413271 17.102798
1.0983443 -5.3740435 13.180138
2.3535962 -2.6281824 6.550842
1.6475171 -1.3337042 3.3342607
0.8629852 -0.7453054 1.6082907
0.47071922 -1.2552512 0.31381273
0.0 0.117679775 0.0
1.6475172 3.5696206 -14.121576
-0.6276256 1.0983448 -0.4314928
0.0 -0.94143844 4.667966
0.03922659 -0.94143844 2.9419947
-0.43149257 0.0784533 -0.43149185
-0.7453054 0.15690637 -0.9806652
0.117679834 -0.15690637 0.078453064
0.15690638 0.039226532 0.27458572
0.0 0.0 -0.117679596
-0.039226606 0.0 0.0
-0.03922659 -0.15690637 0.27458668
0.0784532 0.0 0.0
0.0 0.07845318 0.0
-0.15690638 0.03922665 -0.078453064
0.0 0.039226532 0.039226532
0.03922659 -0.07845318 -0.039226532
0.03922659 0.0 0.039226532
0.0 -0.07845318 -0.039226532
0.0784532 0.07845318 0.0
-0.039226606 -0.03922665 0.0
-0.03922659 0.0784533 0.039226532
0.1569064 0.0 -0.039226532
-0.0784532 0.117679834 0.078453064
-0.039226606 0.0 -0.11768055
0.0 -0.117679834 -0.078453064
-0.03922659 0.0 0.11768055
0.0 0.039226532 0.0
0.0 -0.039226532 0.078453064
-0.07845318 0.0 0.039226532
0.03922659 -0.03922665 -0.078453064
0.07845318 0.03922665 -0.11768055
0.039226606 0.0 0.15690708
0.1176798 -0.117679834 0.0
-0.0392266 -0.117679834 0.0
-0.117679805 0.117679834 -0.078453064
-0.07845318 0.039226532 -0.11768055
0.11767979 0.117679834 0.0
-0.0784532 -0.039226532 0.078453064
0.0 -0.03922665 0.039227486
0.0 0.0 0.039226532
-0.07845318 0.0 0.0
0.0 0.0 0.15690613
0.03922659 0.07845318 -0.19613266
0.07845318 -0.039226532 0.0
0.039226606 0.039226532 -0.039227486
0.039226606 -0.039226532 0.07845402
0.03922659 0.039226532 -0.11768055
-0.03922659 0.039226532 0.11768055
-0.07845321 0.15690637 0.078453064
-0.03922659 -0.078453064 0.078453064
0.0 -0.039226532 -0.039226532
-0.03922659 -0.03922677 -0.078453064
0.0 0.0 0.117679596
0.03922659 0.0 0.0
0.0784532 -0.039226532 -0.117679596
0.0784532 0.0 0.0
-0.0784532 0.039226532 -0.078453064
-0.0784532 0.0 -0.07845402
0.0 -0.117679715 0.039226532
0.0 -0.03922665 0.0
0.0784532 -0.039226532 0.11768055
-0.0784532 0.07845318 0.0
0.0 0.117679715 0.0
0.117679805 -0.23535955 0.117679596
-0.039226606 0.03922665 -0.19613266
0.0784532 -0.07845318 -0.039227486
-0.0784532 -0.07845318 0.15690708
-0.039226606 0.039226532 -0.039226532
0.0 0.117679834 -0.15690708
0.1569064 0.039226532 0.0
-0.0392266 0.0 0.039226532
-0.03922659 0.0 0.039227486
0.03922659 0.03922665 0.039226532
-0.03922659 -0.07845318 -0.039226532
0.0 0.117679834 -0.07845402
-0.039226606 -0.0784533 0.0
-0.039226606 0.0 -0.039226532
0.07845321 0.117679834 0.039226532
0.07845319 0.039226532 -0.039226532
-0.1569064 -0.078453064 0.11768055
0.1569064 0.0 0.117679596
-0.07845319 0.0 -0.078453064
0.07845319 0.1961329 -0.15690708
-0.07845319 -0.117679834 0.15690708
0.0 0.03922677 0.117679596
0.07845319 0.0 0.078453064
0.0 -0.23535967 -0.117679596
-0.0392266 0.15690637 -0.039226532
-0.03922659 -0.07845318 -0.078453064
-0.07845321 0.0 -0.07845402
0.07845321 0.117679715 -0.039226532
-0.1569064 0.0 0.078453064
0.11767979 0.0 0.0
0.1569064 0.03922677 -0.078453064
-0.0392266 0.0 0.0
-0.07845319 -0.23535967 -0.3530388
-0.039226606 -0.117679834 -0.117679596
-0.039226606 0.2745862 0.15690613
0.1569064 0.039226532 0.23535919
0.0 0.03922677 0.0
0.0 -0.39226604 0.117679596
-0.07845319 -0.50994587 0.11768055
0.1569064 -0.07845318 0.039226532
0.23535958 -0.23535955 -0.23536015
-0.19613299 -0.07845324 -0.43149185
-0.1176798 0.15690643 -0.15690708
0.2353596 0.15690637 0.27458668
0.0392266 0.15690637 -0.078453064
-0.3138128 -0.23535955 -0.6276264
-0.3138128 -0.35303938 0.0
0.07845321 -0.2745862 -0.3530388
0.23535958 -0.1569064 0.19613266
-0.19613299 0.117679805 0.19613361
-0.2745862 0.19613302 0.19613266
-0.07845318 -0.03922662 -0.039226532
-0.03922659 -0.1569064 -0.039226532
-0.3138128 -0.0784532 -0.23536015
-0.23535967 -0.039226606 -0.117679596
-0.117679715 -0.11767979 0.039226532
-0.19613302 0.0392266 0.19613361
0.0 -0.0392266 0.3530388
-0.07845318 -0.1176798 0.27458668
-0.15690637 0.0392266 0.3530388
-0.0784533 -0.0392266 0.27458668
-0.43149257 -0.0392266 0.39226532
-0.117679834 0.0392266 0.27458668
0.0 0.0784532 0.27458572
-0.078453064 0.0784532 0.19613361
-0.03922677 0.0 -0.117679596
-0.078453064 -0.19613299 -0.15690708
-0.039226532 -0.0392266 -0.19613266
-0.03922677 0.0 -0.3138132
0.0 0.1176798 -0.117679596
-0.078453064 0.1176798 0.15690613
0.039226532 0.1569064 -0.039226532
0.039226532 -0.039226606 -0.19613266
-0.1961329 -0.1569064 -0.3138132
-0.43149257 0.11767979 -0.039226532
-0.3530395 0.19613299 0.07845402
0.117679834 -0.03922659 0.0
0.117679834 -0.1569064 -0.07845402
-0.117679834 -0.23535958 0.039226532
-0.23535967 0.1176798 0.23536015
0.0 0.196133 0.117679596
0.19613314 0.1569064 0.117679596
0.039226532 -0.07845321 0.11768055
-0.1961329 0.0 0.27458572
-0.1961329 -0.07845318 0.0
-0.07845354 -0.07845321 0.117679596
-0.117679596 0.0 -0.078453064
-0.078453064 0.117679805 0.117679596
-0.19613314 0.0 0.35303974
-0.117679596 -0.03922659 0.078453064
-0.07845354 -0.039226606 0.039226532
-0.15690613 -0.1176798 0.117679596
-0.1569066 -0.0784532 0.039226532
-0.117679596 0.0392266 0.11768055
-0.19613314 -0.0392266 0.15690613
0.0 -0.0392266 0.117679596
-0.078453064 0.0784532 0.1569066
-0.11768007 -0.2353596 0.117679596
0.0 -0.117679805 -0.039226532
0.11768007 0.07845321 -0.117679596
0.19613266 -0.039226606 -0.1569066
-0.078453064 0.0 0.0
-0.19613314 0.039226606 -0.117679596
-0.19613266 0.07845319 0.039226532
0.117679596 -0.1569064 0.039226532
-0.039226532 0.0 -0.039226532
-0.117679596 -0.03922659 0.0
-0.23535967 0.0 0.19613314
0.0 0.03922659 0.078453064
0.078453064 0.039226606 0.117679596
0.1569066 -0.0784532 0.1569066
-0.07845354 0.0 -0.11768007
-0.15690613 -0.1569064 -0.078453064
-0.07845354 0.117679805 -0.039226532
-0.15690613 0.03922659 -0.117679596
-0.23535967 0.0 0.117679596
0.039226532 -0.117679805 -0.039226532
0.19613314 0.0 0.0
-0.039226532 0.1569064 0.078453064
-0.039226532 0.0 0.039226532
-0.039226532 -0.03922659 0.19613314
-0.11768007 -0.07845318 0.31381273
0.11768007 0.03922659 0.35303926
-0.03922701 0.0 0.0
-0.039226532 -0.117679805 -0.15690613
-0.117679596 0.0 -0.078453064
-0.078453064 -0.07845321 -0.19613314
-0.07845354 -0.07845318 -0.039226532
-0.078453064 -0.07845318 -0.07845354
-0.117679596 0.117679775 -0.078453064
-0.07845354 0.03922659 0.039226532
0.039226532 -0.19613296 -0.039226532
0.11768007 0.03922659 0.1569066
-0.039226532 0.19613296 -0.039226532
0.039226532 0.0 0.078453064
0.039226532 -0.03922659 0.039226532
-0.117679596 -0.07845318 0.039226532
0.078453064 0.07845318 0.039226532
0.0 -0.03922659 -0.039226532
-0.11768007 0.0 0.0
-0.078453064 0.117679805 -0.078453064
0.11768007 -0.1569064 0.039226532
-0.03922701 0.03922659 0.039226532
-0.078453064 0.03922659 -0.039226532
-0.078453064 0.0 -0.039226532
-0.039226532 -0.03922659 0.039226532
-0.1569066 0.117679805 0.039226532
-0.117679596 0.0 0.2745862
0.117679596 0.07845321 0.19613314
0.0 -0.15690643 0.0
-0.117679596 0.07845321 -0.11768007
0.039226532 -0.19613299 -0.117679596
0.0 -0.03922659 -0.117679596
0.0 0.0 -0.07845354
0.039226532 -0.03922659 0.0
-0.078453064 0.07845318 -0.23535967
0.039226532 0.07845318 -0.35303926
-0.039226532 -0.03922659 -0.23535967
0.31381273 -0.15690637 -0.50994587
0.62762547 -0.31381285 -0.31381226
0.50994587 -0.19613302 0.039226532
-0.078453064 0.23535967 0.4314928
0.078453064 -0.07845318 -0.07845402
0.31381273 0.15690637 -0.27458572
0.4314928 -0.2745862 -0.078453064
0.5099454 0.19613302 -0.35303974
0.3138132 0.0 -0.5491724
0.31381273 -0.39226604 -0.5491724
0.1961329 0.19613302 -0.15690613
0.50994563 0.43149257 0.27458572
0.8237586 0.07845324 0.11768055
0.6276257 -0.47071916 -0.27458668
0.2745862 0.117679715 -0.117679596
0.07845318 0.39226604 0.4314928
0.35303938 0.50994575 0.74530506
0.54917234 -0.039226606 0.15690613
0.3138128 -0.588399 -0.4314928
-0.03922659 -0.117679775 -0.47071838
0.117679805 0.19613302 0.078453064
0.0 0.50994575 0.23535919
0.1569064 0.43149257 0.19613361
0.19613299 -0.03922659 0.039226532
0.03922659 -0.2353596 0.039226532
-0.07845319 0.0392266 -0.23536015
0.0392266 0.1569064 0.0
0.0784532 0.19613299 0.0
-0.0784532 -0.0784532 -0.19613266
0.0784532 -0.039226606 -0.039226532
0.47071916 -0.50994575 0.4314928
-0.19613296 0.0 0.23535919
0.0 -0.07845318 -0.039226532
-0.117679834 -0.07845321 -0.078453064
-0.27458617 -0.1569064 -0.3138132
-0.1569064 -0.23535961 -0.23535919
-0.19613299 0.03922659 -0.4314928
0.0 0.0 0.078453064
-0.2353596 0.19613302 0.0
0.03922659 -0.117679775 -0.117679596
-0.03922659 -0.07845324 -0.039226532
-0.117679805 0.15690643 0.0
-0.117679775 0.3138128 0.23535919
0.0 0.11767979 0.39226627
0.07845318 0.0 0.15690613
0.1569064 -0.0784532 -0.039226532
0.1569064 -0.03922659 -0.117679596
0.03922659 0.03922659 -0.039226532
0.0 -0.07845318 0.62762547
-0.3138128 0.07845318 1.6082907
0.2745862 0.2353596 3.726527
0.2353596 0.0784532 1.8828766
0.0392266 0.0392266 0.94143844
0.0392266 0.0392266 0.23535958
-0.0784532 0.0392266 0.39226598
-0.0784532 0.0392266 -0.0784532
-0.03922659 -0.0392266 0.0392266
0.07845319 -0.0392266 0.0
0.1569064 0.0392266 -0.0392266
0.0392266 0.0 -0.117679805
0.0 0.0392266 0.117679805
-0.0784532 0.03922659 0.0
-0.0392266 0.039226606 -0.03922659
0.0392266 -0.0784532 -0.1569064
5.2563643 -2.2751427 -39.815
-6.276256 1.9221033 -0.78453064
-1.4513842 0.19613299 16.396717
0.9806651 0.19613299 12.2779255
0.6276255 0.039226606 6.158576
0.4314926 0.0 3.138128
0.196133 -0.039226606 1.6082904
0.1569064 -0.2745862 0.62762564
-0.2745862 -1.1375713 -5.727083
0.35303938 1.2944777 -10.081236
-0.1176798 0.1569064 1.8828773
-0.23535958 -0.2745862 4.3541527
-0.15690643 0.0784532 2.7458615
0.117679834 0.19613299 -1.4513841
0.19613299 0.0784532 -1.7651968
-0.039226606 -0.19613299 0.23535919
-0.11767979 -0.0392266 0.62762547
-0.03922659 0.0392266 0.27458668
-0.07845321 0.0392266 -0.11768055
0.03922659 -0.0784532 -0.039226532
-0.03922659 0.0 -0.039226532
0.07845321 0.0392266 0.039226532
-0.03922662 0.0392266 -0.039226532
0.03922662 0.03922659 0.0
0.03922659 -0.03922659 0.078453064
-0.07845321 0.0784532 0.0
0.03922662 0.0 -0.15690613
-0.07845321 -0.039226606 -0.078453064
0.0 0.0 0.039226532
0.03922659 0.07845321 0.0
0.03922662 0.07845318 0.039226532
0.03922659 -0.1569064 -0.039226532
0.11767979 0.0 0.117679596
-0.0784532 0.0 0.078453064
0.0 -0.11767979 -0.15690613
-0.03922659 0.0392266 0.039226532
0.0 0.07845319 -0.039226532
0.03922659 -0.03922659 0.039226532
-0.03922659 0.03922659 0.0
-0.03922659 0.07845321 -0.078453064
-0.03922662 0.0 0.0
0.03922662 0.03922659 0.039226532
-0.07845321 0.0 0.078453064
0.07845321 -0.1569064 0.0
-0.07845321 0.03922659 0.11768055
0.117679805 0.0 -0.19613361
0.07845318 0.0 0.23536015
0.039226606 -0.19613299 -0.50994587
-0.47071916 0.1176798 -0.078453064
0.3138128 0.07845319 0.15690613
0.03922659 0.0 0.19613266
-0.07845321 0.039226606 0.039226532
0.117679805 0.0 -0.078453064
-0.03922659 -0.039226606 0.0
0.03922659 0.0 0.039226532
0.0 0.07845321 0.039226532
-0.03922659 -0.039226606 0.078453064
0.03922659 0.0 0.07845402
-0.117679805 0.039226606 -0.039227486
0.07845321 0.03922659 -0.15690613
0.07845318 -0.03922659 -0.15690613
-0.03922659 -0.039226606 0.117679596
0.0 0.039226606 0.15690613
0.0 0.0 0.039226532
0.0 0.03922659 -0.15690613
0.0 0.03922659 -0.039226532
-0.03922659 -0.03922659 0.078453064
-0.03922659 0.0 0.19613361
-0.03922662 -0.0784532 -0.07845402
0.07845321 -0.039226606 0.039227486
0.03922659 0.07845321 -0.039227486
-0.07845318 -0.07845321 -0.117679596
0.03922659 0.039226606 -0.039226532
-0.03922659 -0.1569064 0.0
0.03922659 0.0392266 0.039226532
0.07845318 0.1176798 -0.078453064
-0.03922659 -0.039226606 0.039226532
0.0 -0.03922659 0.15690613
-0.03922659 0.0 0.0
-0.03922659 0.0784532 -0.15690613
-0.07845321 -0.1176798 -0.039226532
-0.07845321 0.07845319 -0.039226532
0.117679805 0.039226606 0.078453064
0.03922662 0.0 0.0
-0.03922662 0.039226606 0.039226532
0.117679805 0.03922659 0.0
0.0 -0.0784532 0.078453064
0.03922659 -0.0784532 -0.117679596
0.039226606 -0.0392266 0.039226532
-0.039226606 0.0 -0.039226532
-0.07845318 0.0 -0.039226532
-0.03922659 -0.0392266 0.039226532
0.03922659 0.0392266 0.15690613
0.11767979 0.1176798 -0.039226532
-0.039226606 -0.039226606 -0.27458572
-0.19613299 0.07845321 0.039226532
0.03922659 0.07845318 0.15690613
0.07845321 -0.07845318 -0.039226532
0.0 0.07845318 -0.078453064
0.03922659 -0.11767979 0.039226532
-0.07845318 -0.039226606 0.039226532
-0.03922662 -0.03922659 0.0
0.03922662 0.03922659 0.078453064
-0.03922662 -0.03922659 -0.039226532
-0.03922659 0.0 -0.117679596
-0.03922662 0.0784532 0.078453064
0.07845321 0.039226606 0.117679596
0.03922662 -0.039226606 -0.078453064
0.03922659 0.0 -0.15690613
0.03922659 0.0 0.039226532
0.0784532 0.0 0.039226532
0.039226606 -0.1176798 0.078453064
0.0 0.0 0.19613361
0.0 0.0392266 0.117679596
0.1569064 0.03922659 -0.039226532
-0.0392266 -0.03922659 -0.078453064
-0.0392266 0.0784532 -0.07845402
0.0784532 0.0 -0.078453064
-0.0392266 -0.039226606 0.078453064
0.0392266 0.039226606 -0.039226532
0.0 -0.039226606 -0.15690613
-0.0784532 0.117679805 0.19613266
-0.0392266 0.0 -0.078453064
-0.03922659 -0.0784532 0.039226532
-0.039226606 -0.039226606 -0.039226532
0.039226606 0.039226606 -0.039226532
0.07845319 0.0 -0.078453064
0.0392266 0.0 0.039226532
0.0 0.0 0.039226532
0.0 0.0784532 0.039226532
-0.0392266 0.0 -0.039226532
0.1176798 0.0 -0.039226532
-0.0392266 -0.03922659 0.039226532
0.0 0.03922659 0.19613361
-0.0784532 -0.117679805 -0.07845402
0.1569064 0.0 -0.039226532
0.0 0.07845321 0.0
-0.0392266 0.0 0.07845402
-0.1176798 0.03922659 -0.07845402
0.0392266 -0.0784532 -0.117679596
0.0392266 -0.039226606 -0.078453064
0.1176798 0.039226606 0.117679596
0.0 0.0 0.039226532
-0.0392266 -0.039226606 0.078453064
0.0784532 0.0 -0.039226532
-0.0784532 -0.03922659 -0.039226532
0.0 0.117679805 0.0
0.0392266 0.03922659 -0.039226532
-0.0784532 0.03922659 0.0
-0.0392266 0.03922659 0.039226532
0.0 -0.07845318 0.15690708
0.0392266 -0.117679805 -0.11768055
-0.0392266 0.039226606 -0.117679596
0.0 0.0 0.039226532
0.1176798 -0.039226606 0.039226532
-0.19613299 0.039226606 -0.039226532
0.0784532 0.0 -0.117679596
-0.0392266 0.0 -0.078453064
0.0 0.0 0.19613266
0.0392266 0.0 0.039226532
0.0784532 0.0 0.0
0.0784532 0.039226606 -0.117679596
-0.0784532 0.03922659 0.078453064
0.0 -0.03922659 -0.078453064
-0.1176798 0.03922659 0.0
0.0 -0.03922659 0.117679596
0.1176798 0.0 -0.117679596
0.0784532 -0.117679805 -0.117679596
-0.2745862 0.03922659 -0.078453064
-0.03922659 0.0 0.078453064
-0.039226606 -0.11767979 0.078453064
-0.0784532 0.0 0.0
0.03922659 0.0 -0.039226532
0.0 -0.0784532 0.039226532
-0.07845318 -0.0784532 0.078453064
-0.07845321 -0.0784532 -0.117679596
0.03922662 -0.117679805 0.039226532
-0.15690643 -0.03922659 0.117679596
-0.19613296 -0.117679805 -0.039226532
0.117679775 -0.117679805 0.117679596
-0.03922659 -0.19613296 0.0
-0.07845318 -0.39226598 -0.23535919
-0.23535961 -0.15690649 -0.117679596
-0.15690637 -0.117679715 -0.039226532
0.15690637 0.0 0.19613266
0.19613302 0.07845318 0.19613266
0.07845318 -0.07845318 0.15690708
0.07845318 0.039226532 0.0
0.0 0.117679834 0.0
0.07845318 0.07845318 0.0
0.19613302 0.15690637 -0.15690708
0.03922659 -0.039226532 -0.15690613
-0.1569064 0.07845318 -0.15690613
0.0 0.03922659 -0.27458668
-0.117679805 0.03922659 0.039226532
-0.117679775 0.15690643 -0.31381226
-0.23535961 0.117679775 0.039226532
-0.03922659 -0.03922659 -0.039226532
0.117679775 0.07845318 -0.15690613
0.03922659 0.1569064 0.117679596
0.117679834 -0.03922659 -0.23536015
-0.35303938 0.03922659 0.0
-0.35303938 0.07845321 -0.078453064
0.23535955 0.11767979 0.078453064
0.2745862 0.0784532 0.0
0.15690643 0.1176798 0.0
-0.117679834 -0.1176798 -0.27458572
-0.23535961 -0.03922659 -0.15690613
-0.2745862 -0.039226606 -0.07845402
0.19613302 0.19613299 0.3138132
0.35303938 0.1569064 0.15690613
0.2745862 -0.0784532 0.23536015
-0.03922659 -0.23535958 0.078453064
0.0 0.11767979 0.19613266
0.07845318 0.1176798 0.3138132
-0.03922659 0.1176798 0.3530388
-0.19613296 -0.1176798 0.3138132
-0.39226598 -0.0392266 0.117679596
-0.07845318 0.19613299 0.3138132
0.1961329 0.07845321 0.078453064
0.23535967 -0.07845321 0.039226532
0.23535955 -0.23535958 -0.19613266
-0.03922659 -0.0784532 -0.15690708
0.03922659 0.1176798 -0.23535919
-0.03922659 -0.0392266 -0.3138132
0.1569064 -0.0392266 -0.3530388
0.196133 -0.1569064 -0.19613361
-0.039226606 -0.11767979 -0.039226532
-0.117679775 -0.23535961 -0.117679596
-0.19613302 -0.15690637 0.19613266
-0.117679775 0.07845318 -0.039226532
0.07845318 0.07845318 0.11768055
0.1569064 -0.15690637 0.5491724
0.2745862 -0.117679834 0.27458572
0.07845319 -0.117679775 0.0
0.0784532 0.0 -0.19613266
-0.1176798 0.0 -0.27458668
-0.0784532 0.23535961 -0.117679596
0.039226606 0.117679775 -0.19613266
0.07845319 0.3138128 0.31381226
0.19613299 0.0784532 0.39226627
0.2353596 -0.196133 0.117679596
0.117679805 -0.35303935 -0.23535919
-0.117679805 -0.23535967 -0.11768055
0.0 -0.117679715 0.0
-0.0784532 0.27458614 0.3138132
0.039226606 0.03922659 0.4314928
-0.2745862 0.07845324 0.19613266
-0.1176798 0.19613296 0.078453064
0.1176798 0.117679805 0.078453064
0.1569064 -0.07845321 0.15690708
-0.0392266 -0.19613296 -0.23536015
-0.1176798 -0.15690643 0.0
-0.1176798 0.07845324 0.078453064
0.0784532 -0.07845324 0.039227486
0.0392266 -0.07845318 -0.19613361
-0.0784532 -0.03922659 0.078453064
-0.1569064 0.35303938 0.039226532
-0.0784532 0.117679775 -0.078453064
-0.03922659 -0.3138128 -0.15690613
-0.07845321 -0.15690637 -0.15690613
0.0 0.19613302 -0.11768055
0.03922662 0.23535955 0.07845402
0.23535958 0.03922659 0.039226532
0.0 -0.19613296 -0.078453064
-0.03922659 -0.07845318 -0.039227486
0.07845319 -0.19613302 -0.039226532
0.1569064 -0.19613302 -0.039226532
-0.0784532 -0.19613302 -0.078453064
0.0392266 -0.07845318 0.078453064
-0.0392266 -0.039226532 0.039226532
-0.0784532 0.039226532 -0.117679596
-0.07845319 0.03922665 -0.039226532
-0.039226606 0.039226532 0.078453064
0.0 0.2745862 -0.19613266
-0.039226606 0.07845318 -0.15690613
0.039226606 -0.117679715 -0.11768055
-0.0784532 -0.35303938 -0.19613266
-0.07845318 0.117679715 -0.23535919
0.03922659 0.19613302 -0.078453064
0.0 0.0 0.23535919
-0.15690643 -0.07845318 0.31381226
-0.19613296 0.0 0.07845402
-0.31381285 -0.03922665 0.039226532
-0.117679715 0.35303944 0.078453064
0.15690637 0.2745862 0.50994587
-0.03922665 0.0 0.4314928
-0.039226532 -0.23535961 0.43149185
0.19613296 -0.39226604 0.62762594
0.19613302 0.0 0.8237586
0.03922659 0.0784533 0.90221167
0.1569064 0.6276255 2.824315
0.1569064 0.4314926 1.569064
0.1569064 0.1176798 0.8237586
0.0784532 0.0784532 0.3138128
-0.0392266 0.0392266 0.117679805
0.1569064 0.0 0.07845319
-0.0784532 -0.1176798 0.0392266
0.0 0.0784532 0.0392266
-0.0392266 -0.0784532 0.1569064
0.0 0.0784532 -0.0784532
-0.0784532 0.0784532 -0.0784532
0.0392266 0.0392266 0.0784532
-0.0392266 -0.0784532 -0.0392266
15.925999 -19.456392 1.9221034
-17.220476 10.591181 -40.952568
-8.982891 5.256365 10.395046
2.8243155 2.039783 13.807763
3.4519405 0.9414383 7.570734
2.0005567 0.392266 3.5696206
1.059118 0.1569064 1.8828766
0.5099458 0.1569064 0.15690637
-0.35303938 -0.4314926 -3.7265267
-0.5099458 -0.86298513 -10.277369
1.2160246 0.15690637 -0.23535919
-0.11767979 0.588399 3.5696201
-0.98066497 0.23535958 3.6480732
-0.78453195 0.0 1.2160249
0.4707191 -0.117679805 -1.4121575
0.4314927 -0.03922659 -2.000556
-0.15690649 0.0 0.15690613
-0.23535955 0.0 1.0198917
0.03922665 0.117679805 0.23535919
0.15690637 0.03922659 -0.27458572
-0.117679834 -0.117679805 -0.11768055
-0.07845318 0.039226606 0.0
0.03922665 0.0 0.039226532
0.0 0.039226606 0.15690708
0.039226532 -0.07845321 -0.039226532
0.07845318 0.0 -0.07845402
0.07845318 -0.03922659 0.039227486
-0.117679715 -0.03922659 -0.07845402
0.0 0.07845318 -0.039226532
-0.07845318 -0.03922659 0.039226532
-0.03922665 -0.03922659 0.0
0.07845318 0.11767979 0.15690708
0.07845318 0.0 -0.039226532
-0.039226532 0.0 -0.07845402
0.039226532 0.0 0.0
0.03922665 0.0 0.0
-0.07845318 0.0 0.15690708
0.07845318 0.039226606 0.0
-0.15690637 0.0 -0.15690708
0.117679715 -0.039226606 -0.039226532
-0.039226532 -0.039226606 -0.039226532
-0.03922665 -0.03922659 0.0
0.07845318 -0.03922659 0.039226532
0.07845318 0.1569064 0.0
-0.039226532 0.0 0.07845402
0.0 -0.07845321 0.0
-0.03922665 0.0 0.0
0.19613302 -0.03922659 0.117679596
-0.43149257 0.0 -0.19613361
0.117679834 0.03922659 0.039226532
0.07845318 0.196133 0.039227486
-0.23535967 -0.0392266 -0.11768055
0.15690649 -0.07845319 0.19613361
-0.117679834 0.0 0.0
0.039226532 0.0 0.078453064
0.2745862 -0.039226606 -0.078453064
0.0 -0.15690638 -0.039226532
0.0 0.15690638 -0.19613361
-0.039226532 0.1176798 -0.117679596
0.0 -0.1569064 0.117679596
0.07845318 -0.03922659 0.117679596
-0.9414383 0.2353596 -0.58839893
0.2745862 -0.11767979 0.3138132
0.23535955 0.0 -0.19613266
0.23535955 0.11767979 -0.11768055
0.2745862 0.0784532 0.0
-0.2745862 0.0784532 -0.039226532
0.03922665 -0.1569064 -0.23535919
0.0 -0.11767979 -0.27458668
-0.2745862 0.0 -0.23535919
0.039226532 0.03922659 0.0
0.2745862 0.0784532 0.117679596
0.23535967 -0.11767979 -0.23535919
0.27458614 -0.039226606 -0.23536015
0.07845318 -0.0784532 0.11768055
0.19613302 -0.1569064 0.117679596
-0.07845318 -0.1569064 -0.039226532
-0.07845324 -0.3138128 0.0
0.117679834 -0.27458614 -0.15690708
0.117679775 0.0 -0.078453064
-0.07845318 -0.03922665 -0.078453064
-0.15690643 0.07845318 -0.039226532
0.0 -0.039226532 0.117679596
0.03922665 -0.117679834 -0.15690613
-0.23535967 -0.23535955 0.15690613
0.15690643 -0.15690649 0.15690708
0.4314926 -0.27458608 0.3530388
0.5491724 -0.03922677 0.117679596
0.23535958 -0.23535943 0.50994587
0.15690643 -0.31381297 0.3138132
-0.03922662 -0.35303926 0.27458572
-0.07845321 -0.3530395 0.039226532
0.07845321 -0.3922658 -0.117679596
0.27458617 -0.39226627 0.47071934
-0.03922659 -0.15690613 0.35303974
-0.19613296 -0.078453064 0.3530388
0.03922659 -0.1569066 0.4314928
0.07845318 0.0 0.47071934
0.19613302 -0.19613314 0.62762547
-0.03922665 0.0 0.35303974
0.0 -0.2745862 0.0
-0.27458614 -0.31381273 0.117679596
0.07845318 -0.15690613 0.666852
0.117679775 -0.23535967 0.0
0.07845318 -0.2745862 0.0
0.03922665 -0.35303926 0.2745862
-0.07845324 -0.706079 0.50994587
-0.27458617 -0.35303926 0.35303926
0.03922662 -0.35303974 0.50994587
0.03922659 -0.117679596 0.31381273
-0.15690643 -0.19613266 0.6668525
-0.35303938 0.039226055 0.7453053
-0.1569064 0.4314928 0.78453195
0.2745862 0.4314928 0.66685224
0.0 0.19613266 0.43149257
0.03922659 -0.078453064 0.74530536
-0.11767979 0.078453064 0.5099458
0.11767979 -0.3922658 0.23535958
0.1569064 -0.5491724 0.03922659
0.15690643 -0.7060785 0.117679834
0.07845318 -0.4314928 -0.03922659
-0.117679805 -0.47071934 0.07845318
-0.2353596 -0.4314928 0.50994575
-0.1176798 -0.15690613 0.47071922
0.23535958 0.3138132 0.0
0.117679805 0.47071838 0.58839905
-0.07845321 0.8237591 0.23535943
0.03922662 0.78453207 0.47071934
0.03922659 1.2160244 0.5491724
0.19613299 0.8237586 0.4707191
0.43149263 0.19613314 0.74530554
0.19613302 -0.4314928 0.31381273
-0.117679834 -0.5491724 0.35303926
-0.19613302 -0.8237586 0.4314928
-0.23535961 -0.86298466 -0.039226532
-0.19613296 -0.8237591 0.19613266
-0.3530394 -0.74530506 -0.19613266
-0.11767979 -0.19613361 -0.1569066
0.196133 0.58839893 0.19613314
0.50994575 0.15690708 -0.07845354
0.23535967 0.19613266 -0.039226532
0.039226532 0.3138132 -0.19613266
0.07845318 0.666852 -0.07845354
0.03922665 -0.117679596 -0.117679596
-1.0198916 -1.5298376 -1.1767979
-0.2745862 1.7259703 0.19613266
-0.392266 1.5690641 0.4314928
0.15690643 -0.4314928 -0.078453064
0.19613299 -0.35303926 0.19613266
0.86298513 0.117679596 0.39226627
-0.117679775 -0.19613314 0.62762547
-0.4314926 0.5491724 0.58839893
-0.39226598 1.2944779 -0.58839893
0.3138128 1.8436501 -0.90221167
1.1375713 1.765197 0.62762547
0.0 0.0 2.5105023
0.39226604 1.4906107 0.078453064
0.117679834 -0.4314926 2.7066355
-0.70607877 0.117679775 0.35303974
-4.511059 1.9613299 -1.2160254
-1.9613302 -0.15690637 0.19613361
-0.039226532 0.9414383 -0.039226532
9.649744 3.6480737 -2.000557
-0.31381273 0.23535967 -0.47071886
-1.2944779 -0.86298513 -0.90221214
-0.35303926 -1.0591183 0.78453207
-1.176798 0.2745862 0.8629856
-1.176798 0.35303926 1.2160244
0.35303938 -0.117679596 1.2944775
0.98066497 0.117679596 0.23536015
0.19613302 0.11768007 0.98066425
-1.0591183 0.62762547 1.1375713
0.03922659 0.62762547 0.35303974
0.8237586 -0.117679596 -0.7845316
0.15690637 -0.2745862 -1.0198917
-0.35303938 -0.31381273 -1.0198917
-0.35303938 -0.2745862 0.117679596
-0.19613299 -0.23535967 -0.47071934
-0.35303938 -0.50994587 -0.4314928
-0.35303938 -0.2745862 0.19613361
-0.39226598 -0.31381273 0.50994587
0.07845318 -0.2745862 0.23535919
0.03922659 -0.19613314 -0.078453064
-0.23535955 -0.1961329 -0.35303974
0.0 -0.2745862 -0.15690613
-0.19613302 -0.39226604 -0.27458572
-0.03922665 -0.39226604 -0.23536015
-0.1961329 -0.27458608 -0.19613266
-0.0784533 -0.2745862 -0.3138132
0.0 -0.2745862 -0.078453064
-0.35303938 -0.35303938 -0.31381226
-0.39226604 -0.2745862 -0.39226627
-0.15690637 -0.15690637 -0.58839893
-0.39226604 -0.15690643 -0.47071934
-0.078453064 -0.03922659 -0.3922658
0.078453064 -0.11767979 -0.23535967
0.117679834 -0.1176798 -0.19613314
-0.078453064 0.07845319 -0.23535967
0.039226532 0.07845321 -0.31381273
-0.23535967 -0.039226606 -0.039226532
0.0 0.15690638 0.31381273
-0.1961329 0.19613302 0.31381273
0.15690637 0.07845318 0.23535967
0.117679834 -0.07845318 0.50994587
0.2745862 -0.07845318 0.50994587
0.35303926 -0.03922662 0.3530388
0.0 0.0 0.039227486
0.39226604 0.03922662 -1.0198922
0.784532 0.39226598 -3.3734875
0.3138128 -0.4707192 -1.9613297
0.15690643 0.0 -0.86298525
0.15690638 -0.196133 -0.6276256
0.0784532 -0.039226606 -0.3138128
-0.03922659 0.07845321 -0.07845321
0.03922659 -0.039226606 -0.03922662
-0.03922659 0.0 -0.117679775
0.11767979 -0.1176798 0.0
-0.0392266 0.0392266 0.117679775
-0.0392266 0.0 0.07845321
0.1176798 0.0 0.0
0.0 0.0 0.07845321
6.0408964 -5.5309505 34.872448
-2.4320493 5.2171373 10.904995
-2.3928227 1.7259703 -17.495064
-1.2552512 -0.86298513 -14.003896
0.0 -0.43149257 -7.2176948
0.0392266 -0.07845321 -3.4519405
0.1569064 -0.11767979 -1.6475172
0.19613299 -0.0784532 1.5298371
-0.2353596 1.0983448 9.610517
1.5298374 0.0 2.9419956
-0.43149257 -0.47071922 -3.4519405
-0.6276256 -0.117679775 -3.0596752
-0.3138128 0.23535955 -0.9414387
0.15690638 0.03922659 0.78453255
0.2745862 0.117679834 0.62762547
-0.15690637 0.0 -0.078453064
0.0 -0.117679834 -0.27458668
-0.07845321 -0.117679775 -0.039226532
-0.03922662 0.15690643 -0.15690613
0.0 0.03922659 0.078453064
-0.03922659 -0.07845324 0.117679596
0.0 -0.117679775 0.078453064
0.0 0.03922659 -0.078453064
0.0 0.0 -0.039226532
0.0 -0.03922659 -0.078453064
0.03922659 -0.03922659 0.078453064
0.0 0.0 0.039226532
0.117679834 0.15690637 -1.0591183
-0.43149263 0.31381285 -0.117679596
0.5099458 -0.35303944 0.9806652
-0.03922659 -0.03922659 0.19613266
-0.07845321 -0.03922659 -0.19613266
0.19613299 0.0 -0.039226532
-0.117679775 0.0 0.078453064
0.07845318 -0.03922659 0.078453064
-0.117679775 0.0 0.0
0.07845318 0.0 -0.039226532
0.03922659 -0.03922659 -0.078453064
-0.117679775 0.07845318 0.23535919
0.03922659 0.07845318 -0.23535919
-0.07845321 -0.03922659 0.117679596
-0.07845321 0.03922659 0.078453064
0.07845321 -0.03922659 -0.117679596
-0.07845321 0.0 0.0
0.0 0.07845318 0.0
0.0 -0.15690637 -0.039226532
0.07845321 0.0 0.23535919
0.1569064 0.0 0.50994587
0.117679775 0.19613302 0.47071934
-0.15690637 -0.2745862 0.117679596
-0.392266 -0.117679805 -0.50994587
-0.1569064 -0.07845321 -0.31381226
0.1176798 0.19613302 0.117679596
0.7453054 0.15690637 0.3138132
0.19613302 -0.03922659 0.31381226
0.117679715 0.5099458 0.23536015
0.66685224 0.7453054 0.117679596
0.6668521 0.43149257 0.31381226
0.66685224 0.43149257 0.27458668
0.82375836 0.70607877 0.15690613
1.1375718 0.0784533 0.23536015
0.5099454 0.5491724 -0.19613361
0.0 1.4513841 0.078453064
-0.19613266 0.7060785 0.745306
0.039226532 -0.117679596 0.15690613
0.78453207 0.35303926 -0.35303974
0.7060785 0.6668525 -0.86298466
0.23535967 0.35303926 -0.78453255
0.078453064 0.9414382 -0.8237581
-0.50994587 1.5298376 -0.47071934
-0.98066473 0.90221214 -0.117679596
-1.2160244 -0.27458668 0.15690613
-0.6668525 -1.2160244 -2.824315
-1.0983446 -3.0204482 -2.8635416
-1.4513843 -2.07901 -1.9613299
-0.86298513 -1.0198913 -1.1375713
-0.47071922 -0.50994587 -0.5099458
-0.19613299 -0.15690637 -0.4314926
0.0784532 -0.15690637 -0.1569064
-0.0784532 -0.0784533 0.0
0.0392266 -0.117679834 -0.039226606
-0.0392266 -0.117679834 -0.0784532
0.0784532 0.0784533 0.0
0.1569064 -0.15690637 0.0
0.0392266 -0.039226532 -0.0392266
0.03922659 -0.0784533 0.0392266
0.0 -0.117679834 0.0784532
0.0 -0.07845318 -0.0784532
-0.03922659 -0.15690637 0.03922659
-0.1569064 -0.15690637 0.039226606
-0.0392266 -0.117679834 -0.039226606
-0.0784532 -0.15690637 0.039226606
-0.1176798 0.07845318 -0.1176798
0.0 0.0 0.1569064
-0.11767979 0.07845318 0.0
-0.07845321 0.03922665 0.03922659
-0.07845321 0.15690637 -0.1569064
0.5099458 -0.15690637 0.0
40.01113 6.0408964 -1.8436501
0.0 0.0 -23.849773
-34.872448 -28.596191 0.15690613
-21.10391 7.923773 -12.984003
4.3541527 7.1000147 14.435389
6.080123 3.6873002 11.846432
3.6480737 1.7259705 6.1585765
0.15690637 -0.47071916 1.5298371
-2.0005565 -1.7259704 -1.6867437
0.74530554 0.2745862 -5.844763
3.8834333 0.23535967 -0.8237591
1.4513842 0.1961329 2.9027681
-1.5298374 0.23535967 1.6082907
-1.6475172 0.039226532 -0.58839893
-0.70607877 0.23535955 -1.0983448
0.39226604 -0.07845318 -0.19613266
0.6668521 -0.2745862 -0.19613266
0.03922659 0.117679834 0.0
0.03922662 0.07845318 0.39226532
0.03922659 0.15690637 0.8237591
-0.03922659 -0.117679715 0.078453064
-0.03922662 -0.3530395 -0.3138132
-0.23535958 -0.39226604 -0.50994587
-0.23535961 0.0 -0.27458572
0.07845318 0.0784533 0.19613266
0.15690643 -0.0784533 0.117679596
0.117679775 0.1569066 0.35303974
0.15690643 0.117679596 0.3138132
-0.03922662 0.0784533 0.0
-0.1569064 -0.039226532 -0.27458668
-0.2745862 -0.0784533 -0.27458572
-0.03922659 0.0 -0.039226532
0.03922659 0.0 0.039226532
-0.19613296 0.0 0.117679596
0.07845318 0.0784533 0.117679596
0.15690637 0.078453064 0.039226532
0.2745862 -0.039226532 0.0
0.0 -0.117679834 0.0
-0.3138128 -0.15690637 0.15690613
-0.35303932 -0.039226532 -0.078453064
0.039226532 -0.19613314 -0.15690613
0.3138128 -0.078453064 -0.23535919
0.23535961 0.1961329 0.0
0.03922659 0.19613314 0.3530388
-0.9806649 -0.19613314 0.4314928
0.35303938 -0.078453064 -1.0983448
1.4906107 0.62762547 -1.333704
-0.3138128 -0.117679834 1.333704
-1.0591182 -0.43149257 1.8436499
-0.15690637 -0.039226532 -0.666852
0.15690637 0.078453064 -0.7845316
0.15690643 -0.117679596 -0.4314928
0.15690643 -0.03922677 0.0
0.15690637 -0.117679834 0.47071934
0.5491724 0.94143844 0.62762547
-0.7453054 0.0 0.23535919
0.0 -0.39226604 -0.3530388
-0.9414383 -0.98066497 0.0
0.58839893 0.2745862 -0.745306
0.15690637 1.0198917 -0.58839893
0.39226604 0.27458608 0.3138132
0.39226598 -1.0591182 0.50994587
0.039226606 -0.43149257 0.117679596
0.11767979 0.117679834 -0.27458668
-0.1569064 0.078453064 -0.078453064
-0.9414384 -0.2745862 0.39226627
-0.78453195 -0.2745862 0.7060785
-0.15690637 -0.039226532 0.3138132
-0.15690637 -0.2745862 -0.19613266
0.35303926 -0.3922658 0.039226532
0.50994587 0.15690613 -0.35303974
0.15690637 -0.19613266 -0.117679596
0.2745862 -0.23535967 0.31381226
-0.43149257 -0.19613314 0.66685295
-0.2745862 0.31381273 0.11767912
-0.03922665 0.23535967 -0.31381273
0.35303938 -0.117679596 -0.39226627
0.15690649 0.039226532 0.0
0.35303932 0.078453064 -0.117679596
-0.27458614 0.31381273 -0.19613266
-0.03922665 0.19613314 -0.039226532
0.19613302 0.31381273 0.15690613
0.19613302 0.43149257 0.039226532
-0.50994587 0.31381273 -0.27458572
-0.23535955 0.50994587 -0.3138132
-0.62762547 -0.15690637 0.0
-0.3530395 -0.19613314 0.3138132
0.4707191 0.0 -0.27458668
0.86298525 -0.43149257 -0.58839893
0.5099458 0.19613314 -0.74530506
0.117679775 0.1961329 -0.745306
-0.15690637 -0.2745862 -1.3729305
-0.23535961 -0.0784533 -1.0983448
-0.15690643 0.1569066 -1.2160244
-0.07845318 -0.1569066 -0.9414377
0.03922665 -0.078453064 -0.8237591
0.35303938 0.117679834 0.078453064
-0.31381285 -0.03922677 0.54917145
-0.50994575 -0.43149257 -0.23535919
-0.5491723 0.0784533 -1.0198917
0.078453064 0.35303926 -0.19613266
0.50994587 0.03922677 -0.078453064
0.39226592 0.50994563 -0.9414387
0.43149263 0.58839905 -0.7060776
0.74530536 -0.43149245 0.90221024
-0.5491724 -0.50994587 4.7856455
0.19613302 1.0591182 6.9038815
0.1569064 0.98066497 3.648074
0.11767979 0.4707192 1.7651969
0.0392266 0.2353596 0.98066497
-0.0392266 0.0 0.39226598
0.0 0.0 0.6276256
-0.0392266 0.196133 -0.392266
-0.0392266 0.03922659 0.0
-0.117679805 0.0 0.03922659
0.0 0.03922659 0.1569064
-0.03922659 0.03922659 0.03922659
-0.07845318 0.0 0.0
-0.03922662 0.0 -0.03922659
-0.07845321 -0.03922659 0.03922659
0.0 0.117679805 0.0
-0.03922659 0.117679805 -0.03922659
0.0 0.0 0.03922659
0.07845321 0.03922659 0.0
-0.07845321 0.0 0.03922662
-0.03922659 0.03922659 -0.1569064
0.0 0.0 -0.07845321
0.0 -0.07845318 0.0
0.03922659 0.15690637 -0.1569064
-0.07845318 -0.117679775 -0.1176798
-0.03922659 -0.07845318 -0.196133
0.0 0.03922659 0.039226606
0.03922659 0.03922659 -0.0784532
0.07845318 -0.07845318 -0.03922659
40.285717 24.045906 -39.815
-57.035477 -22.869106 -19.927113
-0.117679596 -3.8442068 17.142025
7.923774 -0.58839893 20.790096
4.5502853 1.2944777 10.669635
2.4320493 0.78453195 5.6486306
1.9613299 0.5491724 2.1182363
0.07845321 1.4513842 -1.9613297
-0.98066497 0.23535955 -0.8237586
-3.2558079 -0.6276256 -4.864098
-2.824315 -1.4906108 0.23535919
1.0983448 1.1375713 1.5690641
1.0983448 0.3138128 0.9806652
0.43149233 -0.07845318 0.27458572
-0.19613266 0.03922659 -0.31381226
-0.50994587 0.39226604 -0.19613361
0.039226532 -0.19613302 0.19613361
0.078453064 -0.23535961 0.31381226
0.19613314 -0.15690643 0.3138132
0.039226532 0.07845318 0.31381226
0.0 0.03922665 -0.117679596
0.0 0.117679775 0.0
-0.3922658 0.03922659 -0.19613266
-0.31381273 0.03922665 -0.23536015
0.2745862 0.35303938 -0.117679596
0.078453064 -0.19613302 0.039226532
-0.1569066 -0.07845318 0.27458668
-0.078453064 -0.07845318 0.15690613
-0.039226532 0.0 0.31381273
0.0 -0.07845324 0.43149233
-0.31381273 0.03922659 -0.3922658
-0.39226627 0.03922665 -0.23535967
-0.039226532 0.23535955 -0.62762547
0.58839893 0.03922665 -0.078453064
0.4314928 0.35303938 0.86298513
-0.62762547 0.1961329 0.666852
-0.39226627 0.3530395 0.23535967
-0.43149233 -0.2745862 0.5491724
0.15690613 0.0 -0.78453207
-0.117679596 0.15690637 0.039226532
-0.19613314 -0.2745862 0.6668525
-0.43149233 -0.07845318 0.0
-0.19613314 -0.07845318 0.74530506
-0.19613266 0.2745862 0.58839893
0.117679596 0.2745862 0.62762594
-0.23536015 -0.31381285 0.117679596
-0.9414377 0.9022118 -0.74530554
0.39226532 -0.31381273 -0.666852
0.23536015 -0.43149257 0.078453064
0.4314928 0.0 -0.2745862
0.3922658 -0.15690649 0.07845354
-0.706079 -0.15690637 0.58839893
-0.5491724 0.07845318 0.5491724
-0.90221214 0.39226604 0.117679596
-0.62762547 -0.39226604 0.078453064
0.9806652 0.07845318 0.03922701
0.666852 0.47071922 0.90221167
-0.039226532 -0.39226604 0.3922658
0.27458668 -0.70607877 0.0
-0.3138132 -0.9022118 0.50994587
-0.27458572 0.117679805 -0.2745862
0.9414377 0.6668521 -0.94143844
6.668522 -1.8828766 -2.0005567
-6.3547087 1.2944777 -0.74530506
2.3928223 -1.3337044 -3.451941
1.4121575 -0.03922665 -0.3530388
-0.23535919 0.117679834 0.31381226
-1.2944779 0.6276256 0.666852
0.23535967 0.3138128 0.27458668
0.86298513 -0.039226606 -0.078453064
0.5491724 -0.50994575 -0.23536015
0.43149257 -1.0983448 -0.58839893
0.35303926 -0.35303938 -0.4314928
0.31381273 -0.35303938 0.0
0.5491724 -0.70607877 -0.27458572
0.5491725 0.039226532 -0.47071934
-0.35303938 0.78453207 -0.7060785
-0.74530554 0.31381273 0.3530388
-0.039226532 0.15690637 0.66685295
-0.31381273 0.03922665 0.39226532
0.0 0.50994575 -0.3530388
-0.23535967 0.07845318 0.117679596
0.0 0.0 0.62762547
0.2745862 0.23535961 0.23535919
-0.15690637 0.39226598 1.2160254
-0.50994587 -0.5491724 0.98066473
0.2745862 -0.39226592 0.0
0.78453207 -0.35303938 -0.706079
0.58839893 0.27458608 -0.23535919
1.2552512 0.50994587 0.98066473
1.4121575 -0.50994587 0.23535967
-0.5099458 0.0784533 -1.333704
0.1176798 -0.03922665 -0.5883999
-0.0392266 0.117679834 0.27458668
-0.2745862 -0.43149257 0.15690613
-0.6668522 0.0 -0.23535919
0.03922659 0.5491723 -0.15690613
0.392266 -0.117679715 -0.39226627
0.4314926 -0.117679834 -0.19613361
1.372931 0.47071922 1.1767988
0.35303938 -0.07845324 0.19613266
-0.82375854 -0.15690643 -2.000557
-0.03922659 0.03922665 -0.117679596
-0.07845324 -0.23535955 0.4314928
-0.117679775 0.07845318 0.47071934
-0.4314926 0.0 -0.039226532
0.0 -0.07845318 -0.15690708
-0.11767979 -0.117679834 0.15690708
0.0784532 -0.2745862 0.3530388
0.0 0.03922665 -0.27458572
-0.50994575 -0.2745862 -0.27458668
-0.03922659 0.0 -0.039226532
-0.03922662 -0.117679834 0.50994587
0.117679805 0.0 0.47071934
-0.07845318 0.31381273 0.15690613
0.03922659 0.0784533 0.11768055
0.03922659 0.07845318 -0.11768055
0.03922659 -0.03922665 0.039226532
-0.03922659 0.2745862 0.0
-0.19613302 0.35303938 -0.15690613
-0.39226598 0.15690643 -0.666852
-0.07845318 0.03922659 -0.58839893
-0.03922665 0.19613296 -0.27458668
0.07845324 0.23535961 0.039226532
0.117679775 0.196133 -0.078453064
0.23535961 0.1569064 -0.117679596
0.3138128 -0.19613299 -0.27458572
0.2745862 -0.1176798 -0.07845402
0.0392266 -0.15690638 0.19613361
0.0 -0.19613302 0.39226627
0.1176798 -0.19613296 0.078453064
0.03922659 0.03922659 0.19613266
-0.03922659 0.03922659 -0.039226532
0.0784532 0.03922659 -0.19613266
0.039226606 0.0 0.0
0.03922659 0.0 0.117679596
0.0 0.0 0.31381226
-0.2745862 0.07845318 0.27458668
0.0 0.03922659 0.0
-0.0784532 -0.07845318 0.078453064
-0.1176798 -0.03922659 0.0
-0.03922659 0.0 -0.078453064
-0.039226606 0.0 0.078453064
-0.039226606 -0.03922659 -0.039226532
0.07845321 -0.03922659 0.15690613
0.0 0.0 0.078453064
0.11767979 -0.117679834 0.0
-0.196133 0.0 -0.50994587
-0.03922659 0.03922659 -0.15690613
0.0 0.0 0.27458668
-0.03922659 0.0 0.23535919
-0.03922659 -0.117679775 -0.039226532
0.03922659 -0.19613296 -0.19613266
