0.1176798 -0.15690637 0.0
-0.19613299 0.078453064 0.15690613
0.3138128 -0.15690637 -0.078453064
0.1569064 -0.039226532 0.15690613
-0.11767979 0.117679834 -0.15690613
-0.19613299 0.078453064 0.0
0.1569064 0.0784533 0.117679596
-0.11767979 0.078453064 -0.3138132
-0.2353596 0.117679834 -0.19613266
-0.117679805 -0.2745862 0.27458668
-0.2745862 -0.23535943 -0.27458668
-0.3138128 0.2745862 -0.19613266
0.117679834 -0.2745862 -1.4906111
1.4121575 -0.6276257 1.2944775
-0.03922659 -0.039226532 0.8237591
-0.117679775 -0.15690637 0.35303974
0.117679775 0.039226532 0.3530388
0.39226604 0.039226532 0.19613361
0.4707191 0.2745862 0.27458572
-1.1375713 -0.35303926 0.23535919
-0.43149257 0.78453183 -0.23535919
-0.0392266 0.23535967 -0.15690613
0.4314926 -0.039226532 -0.27458668
0.07845318 0.15690637 -0.47071934
-0.27458617 0.50994575 -0.74530506
-0.0784532 0.39226604 -0.58839893
0.3138128 0.117679715 -0.078453064
0.78453195 -0.117679715 0.31381226
0.8237586 -0.23535967 0.23536015
0.117679834 -0.35303938 0.23535919
-0.2745862 -0.039226532 0.117679596
0.58839893 -0.19613314 0.9414387
8.08068 -7.6884127 1.5690641
0.039226532 -2.5889559 -0.9806652
-0.117679596 1.412157 -0.47071934
-1.4513845 3.569621 -0.3530388
-3.334261 4.4326057 -1.3729315
-2.824315 3.8442068 -1.6082907
-1.6475172 2.4712756 -0.078453064
-1.0198915 0.9806652 0.5491724
-0.74530536 -0.11768007 0.3138132
-0.3138128 -0.82375836 -0.078453064
0.0 -0.98066497 0.19613266
0.07845318 -0.8237586 0.7845316
0.23535961 -0.7453054 1.0591183
0.03922659 -1.3337044 0.50994587
0.117679805 -0.78453195 -0.078453064
0.4707192 0.0 0.15690613
0.0 -0.7060789 0.0
0.3138128 -0.4707191 0.23536015
0.03922659 -0.2745862 -0.23536015
0.0 -0.117679834 -0.39226532
0.03922659 0.039226532 -0.039226532
0.07845321 0.23535967 0.0
-0.2745862 0.0 -0.19613361
0.0 -0.117679834 -0.23535919
0.117679805 0.039226532 -0.27458668
0.117679805 0.23535967 -0.27458572
-0.35303938 0.0 -0.35303974
-0.2745862 0.0 -0.3530388
0.2745862 -0.2745862 0.078453064
0.6276256 -0.39226604 0.39226532
-0.117679775 0.0784533 0.11768055
-0.117679805 -0.23535967 0.117679596
-0.1569064 -0.43149257 0.31381226
0.19613302 -0.15690637 0.4314928
-0.03922662 0.23535967 0.19613361
-0.39226598 0.31381273 -0.11768055
-0.43149257 0.4707191 -0.117679596
-0.2745862 0.19613314 0.078453064
-0.2745862 0.23535943 0.039226532
-0.31381273 0.1569066 0.15690708
-0.50994587 0.039226532 0.15690613
0.03922665 -0.117679834 0.39226627
0.07845318 0.039226532 0.039226532
-0.117679834 0.117679834 -0.35303974
-0.07845318 0.23535967 -0.39226627
0.117679834 0.039226532 -0.078453064
0.07845318 -0.117679834 0.15690613
0.35303938 -0.039226532 0.3138132
0.43149257 0.0 0.19613266
0.117679834 -0.117679834 -0.3530388
0.07845318 0.0 -0.50994587
0.03922659 0.117679834 -0.4314928
0.23535961 0.0 -0.35303974
0.0 -0.15690637 0.0
-0.15690643 -0.0784533 0.50994587
-0.3138128 -0.039226532 0.4314928
-0.15690637 -0.117679834 0.0
-0.39226604 0.15690637 -0.117679596
-0.31381273 0.0 0.4314928
-0.03922665 -0.039226532 0.5491724
0.117679834 0.0 -0.23536015
-0.4314927 0.2745862 -0.078453064
-0.039226532 0.19613302 -0.23535919
0.0784533 0.117679715 -0.4314928
-0.117679834 -0.07845318 -0.35303974
-0.0784533 0.0 0.078453064
-0.039226532 -0.19613302 0.19613361
0.117679834 -0.039226532 0.078453064
0.039226532 0.15690637 -0.5491724
-0.039226532 0.19613302 -0.58839893
-0.15690637 0.03922665 -0.3138132
-0.15690637 0.117679715 -0.039226532
-0.0784533 0.6276256 -0.50994587
0.2745862 0.3138128 -0.5491724
0.39226604 0.5099458 -0.15690613
0.35303938 0.9414384 -0.27458572
0.54917234 -0.19613302 -0.39226627
0.5491724 -0.27458617 0.35303974
0.43149257 0.117679805 0.86298466
0.0784532 0.19613296 0.35303974
0.07845319 0.07845324 -0.19613361
0.23535961 0.23535961 -0.31381226
0.1569064 -0.39226604 0.078453064
0.43149263 -0.5491724 0.47071934
-0.27458626 0.4314926 0.8237581
-0.74530536 0.9414384 1.0198917
-0.4314926 -0.07845318 0.15690613
0.03922662 -0.6276256 1.0983448
-0.35303938 0.0 0.90221214
0.03922659 0.47071922 0.43149233
-1.6867437 -0.7060788 -1.9221034
1.5690639 -1.8044236 -0.27458572
1.2944778 -0.35303938 1.2552509
-1.4906108 0.9022117 0.23535967
0.31381285 0.5491724 -0.74530554
0.43149257 -0.07845319 -0.62762547
0.0 -1.4513842 -0.15690613
-0.39226598 -1.5298374 1.7259703
-0.5099458 -1.0198915 1.1767979
-0.6668521 0.19613314 0.3922658
-0.3530395 1.1375711 -0.19613314
0.15690637 1.6475173 -0.7060785
0.117679834 1.4513841 -0.117679596
-0.8237586 0.70607877 0.5099454
-1.372931 -0.19613302 0.35303974
-1.5690637 -0.19613296 0.3922658
-1.9221034 0.39226598 0.3922658
-1.4121575 0.43149263 0.03922701
-0.745306 -0.31381285 -0.35303974
0.19613361 -0.39226598 0.39226627
0.5491724 -0.9414384 1.0591183
0.9414387 -0.8237586 0.78453183
0.98066473 -0.31381273 0.3922658
0.5099454 -0.39226604 -0.54917216
-0.35303926 -0.15690637 -1.7259703
-1.5690637 -0.039226532 -1.1375713
-1.333705 -0.66685224 0.039226532
-0.9414377 -0.98066497 1.0983448
0.078453064 -0.8237586 0.2745862
0.039226532 -1.0983448 -0.35303974
0.039226532 -0.47071934 -0.43149233
0.5491724 -0.078453064 -0.50994587
0.58839893 0.19613314 -0.078453064
0.15690613 0.117679596 0.117679596
-0.039226532 0.47071934 0.5491724
0.19613361 0.0 0.5491724
0.0 0.98066473 0.0
-0.11768055 0.9806652 0.62762547
-0.15690613 0.50994563 0.23535967
0.0 0.31381297 0.23535967
0.23535919 0.31381273 -0.078453064
0.11768055 0.35303938 -0.47071934
0.039226532 -1.0591182 0.31381273
0.19613266 -1.0198915 0.94143844
0.7060785 -0.8237586 1.0198915
0.07845402 -0.35303926 0.7453054
-0.3138132 -0.39226627 0.588399
-0.23535919 0.39226627 0.47071922
-0.11768055 1.1767979 0.07845318
-0.47071934 1.5690639 -0.19613302
0.15690708 0.9414383 -0.6668522
-0.78453255 0.35303938 -0.19613302
-0.31381226 -0.86298513 0.43149263
0.50994587 -0.94143844 0.9022118
0.9022112 -0.117679834 -0.0784532
1.2552514 0.23535967 -0.35303938
0.47071934 -0.31381273 -0.392266
-1.1375718 0.117679834 0.07845324
-0.666852 -0.47071934 0.23535955
-0.5491724 0.39226604 -0.03922659
-0.5491724 0.86298513 -1.0591183
-0.9414377 -0.4707191 0.0
-0.7060795 -1.3729308 1.1375713
1.2160244 0.27458596 0.47071922
2.3928227 -0.039226532 -0.9022118
2.9027686 -0.6276257 -0.9022117
-0.2745862 2.6281822 0.6668521
-1.7651968 0.03922665 -0.19613302
-3.3342614 0.9022117 1.6475172
-0.74530506 -3.530394 4.0403395
0.039226532 -1.6082907 -1.0198913
0.078453064 -2.157463 -1.3337045
1.4906111 -1.0591183 -1.6475172
1.6082902 0.11768055 -2.432049
2.3928227 0.5491724 -2.275143
-0.117679596 1.3729305 -0.35303926
-0.8237586 1.1767979 0.98066497
-0.39226627 0.706079 1.5298374
-0.8237586 0.3922658 1.2944777
-0.15690613 0.3138132 0.8629852
-0.3138132 -0.35303974 0.78453195
0.8237591 -0.23535967 0.6276256
1.0198913 -0.86298513 -0.39226598
1.1767979 -0.98066473 -1.3337044
1.9221036 -0.35303926 -0.3138128
0.98066497 -0.5491724 1.0591182
-0.5883992 -1.3729315 0.8237586
-9.061344 9.139798 -1.8044236
5.962443 -5.0210047 1.2552512
0.86298513 -2.3928223 -0.4314926
0.078453064 -0.39226627 -0.9414383
1.2552512 0.0 0.58839893
0.23535967 0.90221214 0.0
1.5298374 1.8828764 -0.117679805
-0.19613314 -3.9226594 -0.03922659
-2.3535957 -4.903325 0.35303938
-1.0983448 -0.4314928 2.2359161
0.9414382 2.5889559 2.157463
1.2552512 1.4906101 1.8828769
0.8237586 -0.43149185 -0.6668525
0.19613314 -0.50994587 -0.78453207
2.3143692 -0.117679596 -2.1574628
-1.0983447 2.8635416 -7.413827
-1.2160245 0.5491724 0.62762547
-0.50994587 -0.47071934 3.8834336
-0.78453207 -0.9414387 1.6867437
-0.078453064 -0.4314928 -0.39226592
-0.0784533 -0.15690613 -1.372931
0.117679834 0.35303974 -0.03922659
0.15690637 0.117679596 0.1569064
2.2359161 -0.117679596 1.6475171
0.39226604 -0.078453064 -0.43149257
0.70607877 1.1767979 1.2160245
0.6276256 -0.47071934 0.117679834
0.39226598 -2.2359161 -2.2359161
-0.07845318 -0.15690613 -1.9613299
-0.39226598 1.0198908 -0.86298513
-1.176798 0.4314928 0.0
-0.5491724 1.4513845 0.35303926
-0.5491723 1.5690637 0.78453207
-0.6276257 1.0983448 0.43149257
0.39226604 1.372931 -0.86298513
1.4121575 0.3922658 -0.5491724
0.03922665 -3.2165809 1.176798
-2.3928227 -3.8834333 1.8044236
-0.15690637 -2.1182365 0.6668521
-0.39226604 -3.5696201 0.58839905
3.4519408 1.9613295 0.58839905
-1.9613299 5.334818 -0.2745862
-1.9613299 1.8828764 1.8436501
-1.0198917 0.5883994 0.19613314
-1.6475172 -1.4121575 -2.0005567
-0.2745862 -2.000557 -2.5105023
3.1773548 0.078453064 0.5491724
2.4712758 0.47071934 1.3729309
0.78453195 0.47071934 0.07845318
-0.35303938 -1.1375713 -0.58839893
-1.7651969 2.4320488 -0.117679775
-1.3337045 0.62762594 0.43149263
0.078453064 -0.5491729 0.27458608
1.4121578 0.6668525 -0.27458608
-1.0983448 -2.3535962 -0.7453054
0.0784533 -0.43149185 -2.0790098
1.6867437 0.23535919 -0.5491724
0.78453195 0.0 -0.39226604
0.35303932 -0.58839893 0.39226604
-0.74530536 0.62762547 0.2745862
-0.9806651 0.8629856 1.372931
-1.3729308 0.078453064 0.6668522
-0.23535967 1.0983448 -0.19613299
-0.039226532 0.078453064 -0.74530536
0.2745862 -1.9221039 0.35303938
0.62762547 -1.8044233 1.176798
4.275699 7.6884136 -2.6674087
-4.6679654 -4.158019 1.5298374
-0.43149257 -4.511059 1.765197
0.1569066 1.2552509 0.43149257
0.3922658 0.47071934 -0.31381285
-0.15690637 0.15690613 -0.31381273
-0.43149257 0.74530506 -0.9414384
-1.1375713 2.1182365 -0.5491724
-0.47071934 0.706079 0.7453054
0.74530554 -0.39226627 0.5099458
0.2745862 -0.31381273 0.0
-0.50994587 -0.3138132 0.039226532
-0.23535967 -0.62762547 0.50994575
-0.15690613 -0.27458572 -0.117679715
-0.2745862 -0.8629856 -1.0983448
2.6674085 1.8828773 -1.6082906
0.8629854 0.5491719 2.0005565
0.0 -0.58839846 -0.50994575
0.1961329 -1.2160254 -1.8828768
0.9022118 -0.27458572 -1.4121575
0.82375854 0.8237581 0.039226532
-3.0596747 1.0591187 1.372931
-1.4513841 0.86298513 0.31381285
-0.58839893 -1.1375713 -0.5491724
-0.35303926 -1.6475172 1.2944777
0.0 -1.6867437 2.3143694
-0.07845354 0.31381226 1.6475171
0.31381273 0.3138132 -0.117679834
1.0198917 -0.666852 -0.90221167
1.0198917 0.23535919 -0.47071922
0.15690637 0.23536015 0.117679715
0.62762547 -0.35303974 -0.4707191
0.039226532 0.0 -0.35303938
-1.0198915 0.0 -0.2745862
-1.1375713 0.35303974 0.0
0.078453064 -0.11768055 0.31381273
1.2552514 -0.43149185 -0.54917234
1.4121575 0.86298466 -0.15690637
0.86298513 1.8828773 -1.0591183
-0.58839893 3.1381273 1.5298374
-0.5883992 0.23535967 0.50994575
-0.4707191 -2.1966896 -0.54917234
1.176798 -2.7458615 -1.0198916
-1.4121577 -0.078453064 0.35303938
-0.35303926 0.31381226 -0.9022118
-0.666852 1.333705 -0.8237586
0.15690613 0.74530506 -0.19613302
0.23535967 0.3922658 -0.7453053
-0.19613314 0.0 0.039226532
0.19613314 1.1375713 0.2745862
0.35303926 -1.3337045 0.39226604
-0.078453064 -0.7845316 1.0591182
-0.15690637 -0.39226627 0.0
0.0 -0.31381226 -0.9414383
-0.0784533 -0.15690708 -0.74530554
-0.078453064 -0.078453064 0.23535967
1.0198915 -0.5491724 0.039226532
-0.4707191 0.8629856 0.58839905
0.23535943 -0.15690708 0.07845318
0.50994587 -0.666852 0.5491724
-0.94143844 1.9221039 0.7060788
-0.666852 -1.2552519 0.82375854
-1.6082907 -1.333704 -1.0591182
-3.1773543 2.5105028 -0.6276256
-1.1767979 1.7651963 -0.5491724
1.5690632 -0.19613266 -0.58839893
2.4712763 -0.74530554 -1.0198915
1.4121575 -0.3922658 -1.2160249
0.117679596 -0.43149233 0.07845354
-0.666852 -0.78453255 -0.23535967
0.039226532 0.078453064 -0.19613314
-0.4314928 -0.31381226 0.6668525
-0.43149233 -0.11768055 0.0
-0.4314928 0.15690708 0.54917216
-0.666852 -0.19613361 0.7453053
-0.117679596 0.5491724 -0.5491724
-0.39226627 0.35303974 0.47071934
-0.078453064 -0.078453064 -0.15690637
-0.35303974 -0.039226532 -0.47071934
0.15690708 0.5099454 0.03922677
0.117679596 1.0198917 0.4707191
0.039226532 1.0198917 0.2745862
-0.27458668 0.50994587 -0.117679834
-1.0198908 0.43149233 -0.1961329
-0.5883999 0.62762547 -0.23535967
0.23536015 0.8629854 -0.23535967
0.50994587 0.70607877 -0.39226604
0.5491724 0.1961329 0.03922677
0.5491724 -0.2745862 -0.15690637
0.3922658 0.6276257 -0.078453064
0.58839893 0.98066497 -0.1569066
0.74530554 0.70607877 -0.19613314
0.19613266 0.3138128 -0.43149233
0.6668525 0.1569064 -0.62762594
0.58839893 -0.11767979 -0.078453064
0.35303926 -1.0591182 -0.86298513
2.353596 0.0 -1.3337045
2.5889556 -3.0989015 1.8436503
-1.0591183 1.0591183 0.9414382
-0.82375854 1.1375716 -1.333704
-0.6668521 1.0198915 -2.8635416
-2.8635416 -0.03922665 -1.4906111
0.117679596 -0.5491724 1.2552509
0.62762547 0.0 1.6082907
0.19613314 -0.9414383 0.0
0.78453207 -0.58839893 1.1767979
0.078453064 -0.2745862 -0.666852
0.117679834 0.15690637 -1.8828764
0.7453053 0.7453053 -1.0983448
0.23535967 0.31381273 -0.039226532
0.0 -0.078453064 0.39226532
0.039226532 -0.5491724 0.5491724
-0.039226532 0.0 0.5491724
-0.8237586 0.31381273 0.15690708
0.0 0.0784533 0.078453064
0.86298513 -0.50994587 0.0
0.6276256 0.0 0.0
0.31381285 0.039226532 0.19613266
0.23535961 -0.078453064 -0.47071934
0.0 -0.15690637 -0.27458572
-0.117679834 -0.117679834 0.117679596
-0.47071916 -0.23535967 0.19613266
-0.23535955 -0.078453064 0.35303974
0.15690637 0.15690637 0.19613266
0.039226532 -0.23535967 -0.117679596
0.15690649 0.0 -0.039226532
0.07845318 0.0784533 0.117679596
-0.2745862 -0.19613314 0.078453064
-0.19613302 0.0784533 -0.19613266
-0.19613302 -0.03922677 -0.62762547
0.15690637 0.03922677 -0.19613361
-0.117679715 0.117679834 -0.27458572
0.117679715 0.078453064 -0.39226627
-0.07845318 0.117679834 0.27458668
0.15690649 0.0784533 1.0591183
-0.15690649 -0.50994587 -0.039226532
0.03922665 0.078453064 -0.15690708
0.35303938 0.23535967 0.23536015
-0.23535955 -0.078453064 0.078453064
0.15690637 -0.19613314 -0.50994587
0.2745862 0.039226532 -0.15690613
-0.15690649 0.47071934 0.19613266
0.0784533 0.117679834 0.15690613
0.0 -0.43149257 0.0
0.07845318 -0.117679834 0.15690708
0.0 -0.03922677 -0.15690708
-0.03922665 -0.117679596 -0.27458572
-0.07845318 0.117679596 -0.3138132
0.15690637 0.5491724 -0.3530388
0.23535961 0.19613314 -0.039226532
-0.15690643 0.39226604 0.039226532
-0.43149257 0.5491724 -0.23536015
-0.78453195 0.1961329 -0.31381226
-0.58839893 0.23535955 0.47071838
-0.78453207 0.5491724 0.745306
-0.35303926 0.07845318 1.333704
0.4707191 -0.6276256 1.5690641
0.039226532 -0.86298525 0.4314928
-0.117679834 0.0 -0.07845354
1.1767981 -1.2160244 0.1569066
1.0591182 -0.5883992 0.039226532
-0.2745862 0.9806652 -0.62762547
-0.9806651 1.2160244 -1.4906111
0.74530554 -0.078453064 -1.6475172
1.2552512 -0.2745862 -0.98066425
0.35303938 0.35303926 1.4906101
0.4707192 0.15690637 0.9806652
0.70607877 -0.039226532 -0.9414387
-0.70607877 0.7453054 -1.3729305
-0.3138128 0.15690637 -0.4314928
1.2944777 0.15690637 0.19613266
-0.07845318 1.3337045 -1.2944775
-1.5690639 -0.4707192 0.5491724
-0.7453054 -0.78453195 -0.39226627
-0.8237585 -0.07845324 -0.43149185
1.0983447 0.117679834 4.0011125
-2.2751427 1.6867437 0.5491724
0.86298513 -0.74530536 -1.7651963
0.0 -0.70607877 -0.07845402
-0.78453183 0.0 0.78453255
0.23535943 -0.7060788 0.3530388
0.23535967 -0.8237586 0.4314928
-0.15690637 -1.1375713 0.1569066
-0.7453053 -0.15690637 0.1569066
-0.5883992 1.372931 0.5491724
-0.78453207 0.9022118 0.23535919
-1.4906106 1.0983447 0.11768007
-1.6867433 0.4314926 -0.1569066
-2.2359161 -0.3138128 0.50994587
-1.2944784 -0.1569064 0.5491724
-0.19613266 -0.0784532 0.50994587
0.31381226 -0.196133 0.19613314
0.6276264 -0.86298525 0.039226532
0.39226532 -1.2160245 0.19613266
0.078453064 -0.78453207 -0.31381273
0.4314928 0.0784533 -0.90221167
0.27458668 0.1961329 -0.62762547
-0.19613361 -0.50994563 0.19613314
-0.078453064 -0.39226604 0.27458572
-0.039226532 -0.23535967 0.39226627
0.078453064 -0.3922658 0.8237586
0.15690613 -0.5491724 1.3337042
0.15690708 0.47071886 0.2745862
0.62762547 0.78453207 -0.1961329
0.4314928 0.19613314 0.039226532
-0.4314928 -1.4906106 1.2160246
0.19613266 -1.6867437 1.1767979
1.0983448 -1.5690641 0.39226598
1.3337045 0.39226627 0.03922659
-0.117679596 0.43149233 0.43149263
-0.2745862 0.9414382 -0.2353596
-0.47071934 1.1375713 -0.23535961
0.0 0.0 -0.6276256
-0.62762547 1.0983448 0.39226604
-0.62762547 1.6082907 -0.94143844
0.039226532 1.372931 -0.86298525
0.27458572 0.07845318 0.19613314
0.62762594 -1.569064 1.4513841
-0.47071886 -1.4513843 1.0983448
-0.35303974 -0.15690613 0.66685224
-0.35303974 0.58839893 -0.5099458
1.0591187 -0.47071934 -1.0198915
-0.03922701 -0.98066473 0.39226598
-0.74530506 -1.2160249 0.6276256
-1.0983448 0.9414387 -0.4314926
-0.23536015 0.31381273 -1.6867437
0.66685295 0.666852 -1.2552512
0.98066425 1.0198917 -0.117679834
2.0397835 0.7453053 -0.66685224
-0.666852 -1.3729308 0.6276257
-1.5298376 -3.0596747 1.2552512
-1.5690641 -1.6082907 2.3143692
-0.43149185 -0.039226532 2.039783
2.3928223 0.666852 -0.9022118
3.2165809 -0.47071934 -2.5889554
0.07845354 -1.5298367 -1.8436501
-0.9414387 1.0591173 0.35303926
0.47071934 -0.15690613 0.3530395
0.19613314 0.666852 0.7453054
0.35303926 0.39226627 0.54917234
-1.2944779 0.4314928 0.98066497
-1.0198913 0.117679596 1.1375713
0.0 0.62762547 0.39226592
0.3922658 0.58839893 -0.82375854
-0.1569066 -0.31381273 -0.6668522
-0.117679596 0.11768007 -0.74530536
0.62762547 -0.07845354 0.0
0.90221167 -0.31381273 0.78453195
0.8629856 -0.19613266 0.784532
0.15690613 2.0005565 1.7259704
0.0 0.43149233 -0.94143844
-0.666852 -1.0198913 -2.1182363
-0.8237586 -1.6867437 -0.392266
-0.039226532 -1.1767983 1.1375713
0.5099454 0.15690613 1.2552512
0.8237586 1.1767983 0.86298513
0.1569066 -0.43149233 -0.3922658
-0.666852 -2.7850885 -1.0198916
-0.35303974 -1.7259703 -0.43149263
0.78453207 0.9414377 0.0
0.39226627 0.745306 0.35303938
0.3922658 0.15690613 0.19613296
0.1961329 0.5491724 -0.54917234
-0.23535943 0.39226627 -0.588399
0.35303926 2.3535957 0.19613299
0.39226604 2.2751427 2.549729
-0.43149257 -0.8237586 0.666852
-0.43149257 -2.3535962 -1.4906106
1.5298374 -0.39226532 -0.39226604
0.70607877 -3.1381283 0.62762547
0.4707191 -1.0198917 0.0784533
0.5099458 0.78453255 -0.15690637
0.19613302 -0.039227486 0.117679834
-0.5491724 -0.117679596 -0.23535967
0.5491724 0.90221214 0.78453207
-1.6867437 4.1580195 -1.0983448
-3.0989015 1.372931 -2.2751427
-0.86298513 -1.5298376 1.0198915
-0.117679596 -0.86298466 1.9221034
0.50994587 -0.5491724 0.58839893
0.7060785 -0.5491724 -0.94143844
0.62762594 -0.23536015 -0.47071922
0.47071886 0.23536015 0.07845318
0.0 0.3530388 -0.039226532
-0.23535967 0.0 -0.5491724
-0.43149233 0.23536015 -0.6276256
0.35303926 0.31381226 0.19613302
0.58839893 -0.39226627 0.78453195
0.8237586 -0.3530388 0.50994575
-0.31381273 0.666852 -0.58839893
-0.5491724 -0.58839893 0.117679834
-0.2745862 -0.58839893 0.23535955
-1.6082907 0.4314928 0.35303938
-1.7651968 1.4513841 -0.117679834
-0.1569066 0.3922658 -0.07845318
1.9613299 -0.9414387 -0.039226532
2.5105026 -0.15690613 -0.07845318
1.0591182 2.3928227 -0.50994587
-1.569064 0.47071886 1.2944777
-0.9022119 -0.7060785 0.70607877
-0.90221167 -3.2165813 -0.82375836
-3.0989013 -0.86298466 -1.8044236
-1.2944775 1.8044233 1.2944777
1.7651968 -0.27458668 1.3337042
3.3734875 -0.23535919 0.0
-0.62762547 0.666852 0.50994587
-2.2751431 0.6668525 0.15690637
-0.5099454 -1.6082911 -1.2944777
3.7265267 -0.15690613 -2.4712758
3.3734875 2.5497289 -1.5298374
-0.47071922 0.39226627 -0.9414383
0.47071922 -0.39226627 -1.2160246
-4.393379 -1.5298371 6.0408964
-3.7657533 1.2944779 2.5105026
0.50994587 0.43149233 -2.0397832
2.824315 -0.5491724 -1.2944779
0.19613266 -0.74530554 2.0397832
-1.4513841 -0.9414382 1.2944779
-1.0983443 -0.8237581 -4.236473
2.5105019 2.1966891 -2.353596
0.78453207 -0.078453064 0.6276256
0.0 0.0 1.3337044
0.23535967 -0.74530554 0.0
1.0591183 0.706079 0.07845318
-1.5690641 2.3143692 -0.6276256
0.23535967 0.43149233 -0.70607877
0.98066497 -3.6872997 0.19613302
-2.0005567 -3.2165813 3.4519405
0.039226532 1.1375713 -0.62762547
-1.3729305 3.412714 -1.2944779
-2.039783 3.1381278 0.07845324
-0.039226532 -0.8237586 0.0
1.0983448 -0.90221167 0.9022118
0.58839846 -0.8237586 0.58839905
0.6668525 -0.74530554 -0.1569066
0.74530506 -0.23535919 -1.059118
-0.35303926 0.5491724 -0.31381285
-0.2745862 0.31381273 0.43149257
1.1375713 1.2552509 0.03922665
-0.58839893 -0.666852 -0.19613302
-0.35303926 -0.50994587 -0.2745862
-0.47071934 -0.2745862 0.31381285
-0.3922658 -0.19613314 0.2745862
-0.4314928 -0.2745862 -0.117679834
0.039226532 -0.3922658 -0.19613302
0.19613314 0.15690613 0.2745862
0.98066473 0.3138132 0.23535955
0.74530554 0.19613266 -0.50994575
0.3922658 -0.2745862 -0.2745862
-0.078453064 0.1569066 0.35303938
-0.078453064 1.0591183 0.35303938
-0.39226627 -0.11768007 0.15690649
0.11768007 -0.078453064 -0.35303938
-0.62762547 -0.23535967 0.1961329
-0.19613314 -1.2944779 0.5491725
0.2745862 -0.43149233 -0.5491725
-0.039226532 -0.039226532 -0.35303938
-0.039226532 -0.039226532 0.0
1.0983448 1.0591178 0.07845318
0.31381273 0.0 -0.23535955
0.0 -0.35303926 0.2745862
0.3922658 -0.078453064 -0.03922665
0.58839893 -0.7060785 -0.1961329
-0.62762547 -0.47071934 -0.117679834
0.117679596 0.23535919 0.23535955
0.5883994 0.078453064 0.15690649
0.3922658 -0.117679596 -0.2745862
0.23535967 0.0 -0.15690643
-0.0784533 0.23536015 0.43149263
-0.66685224 -0.19613361 0.50994575
-0.078453064 -0.15690613 -0.35303938
0.039226532 -0.039226532 -0.19613302
0.4707191 0.15690613 0.07845318
-0.117679834 -0.666852 -0.07845318
-0.666852 -0.62762547 -0.5491724
-0.039226532 -0.117679596 0.07845318
-0.19613314 -0.039226532 0.31381285
-0.8237586 0.7845316 -0.117679834
0.86298513 -0.7845316 -0.588399
1.765197 -1.0983448 -0.3138128
1.176798 0.15690613 -0.1176798
1.0198915 0.5491724 0.39226598
0.19613296 2.0397835 0.7453054
-1.4906108 1.8828764 -0.07845318
-0.7453053 0.15690613 -0.8237586
0.3530395 -1.6082907 0.5491724
0.7453053 -1.333704 0.117679834
-0.4707191 -0.62762547 0.19613296
0.58839893 0.7845316 -0.39226598
0.4707191 0.666852 0.588399
-0.6668521 -0.43149185 -0.2745862
-0.6668521 0.15690613 0.31381285
-0.5883992 0.8237581 -0.47071922
0.98066497 0.07845402 -0.8629852
0.9022119 -0.35303974 -0.1176798
0.0 -0.78453255 0.98066497
-0.8237586 0.4314928 0.7453053
1.1375713 1.9613304 -0.1961329
0.0 0.2745862 -0.03922665
-0.98066497 -0.50994587 1.2160245
-3.4127142 -1.8436503 1.8436503
-0.666852 -1.2552509 -0.2745862
0.86298513 -0.19613361 -1.2944779
1.1767979 0.23536015 -1.2552512
1.0591183 0.31381226 -1.1375713
0.86298513 0.07845402 -0.8629852
0.3530395 0.117679596 0.117679805
-0.117679834 0.86298466 0.7453054
-0.86298513 0.19613361 0.4707192
-0.50994587 0.117679596 -0.03922659
0.117679834 0.27458572 0.3138128
0.78453207 -0.078453064 0.39226592
0.35303926 -0.39226532 0.5491724
-0.98066497 -0.50994587 0.2745862
-1.6082907 -1.0198917 0.19613314
-1.3337045 -1.6475172 -1.569064
-0.74530506 -0.7060785 -2.4712758
0.35303926 0.19613266 -2.3143692
0.74530554 1.4513845 -0.7453053
0.47071886 1.6475163 1.8828766
0.35303974 -0.666852 2.1182363
-0.1569066 -1.412157 2.9027684
-0.47071934 -1.2944784 0.78453207
-0.31381273 -1.0198908 -2.1182365
-0.31381273 -1.1375713 -3.7265267
-0.039226532 -1.0591183 -0.78453207
-0.2745862 0.31381226 3.1773546
-0.74530554 1.6082907 0.4707192
-0.15690613 2.07901 -0.7453054
1.2944775 2.4712753 -0.5491724
2.275143 2.3928227 0.39226604
2.353596 1.9221034 1.0198915
1.7259704 2.1574628 0.39226598
1.0591182 1.569064 0.15690643
0.43149257 1.569064 -0.15690643
-1.4513841 1.5298374 -1.5298374
-2.9027684 -1.2944777 -1.6475172
-3.5696206 -2.8635418 -4.197246
-5.76631 -5.3740444 -6.1193495
0.745306 -6.668522 10.277369
8.669078 3.1773548 9.375157
6.5508423 6.5900683 -5.8055367
-2.3143694 0.3138132 3.6088471
-5.64863 -5.217138 -1.5690641
-3.8442068 -4.589512 0.15690637
-2.628182 -0.745306 -1.7651969
1.0198917 1.2944784 0.39226604
2.2751427 0.7845316 0.58839905
1.4906106 -0.117679596 -0.7060789
0.0 -0.78453255 -1.4906107
-0.35303926 -0.117679596 -1.7651969
0.5491724 0.50994587 -2.2359161
1.2552512 1.6475172 -1.8044236
1.0983448 3.1381283 -1.0983448
-0.0784533 2.4712753 2.5497289
-1.372931 3.2165813 2.2359164
-1.2160244 1.6867437 0.4707191
-1.4121575 -1.0983448 0.31381285
-1.3729315 -4.0795665 0.43149257
1.5298376 -3.451941 -0.03922659
1.8044238 -2.9812212 0.588399
0.86298513 -2.9419947 1.5298374
0.666852 -1.2944775 -0.66685224
0.6276257 -0.27458572 -3.6873002
-0.3530395 0.7453041 -0.86298513
-1.1767979 1.6867437 3.334261
-1.2160244 2.0397835 1.8436501
0.5491724 1.8436499 0.03922665
1.1767979 1.9221039 -0.07845318
1.2944777 1.8828764 -0.5099458
0.9414383 2.4320493 -0.8237586
0.47071922 2.0397832 -1.0591183
-0.6276256 0.35303926 -1.4121574
-0.6276256 -0.50994563 -1.765197
-0.5491724 -0.5491724 -0.117679596
-0.62762547 -0.19613314 1.8044233
0.86298513 -0.8237586 1.1375713
2.3143692 -2.8635416 -0.07845318
0.1176798 -8.825984 -6.3939357
-8.119906 -0.9414387 10.983448
0.8237586 6.825428 9.92433
-0.5491724 10.983447 -7.3353734
-2.2359157 -0.9414383 -8.669079
-0.23536015 -8.472945 6.903881
2.157463 -9.728196 -3.020448
3.7657537 0.0 -1.2944777
-0.4314928 1.333704 0.0
-0.62762547 3.33426 -0.07845321
-1.372931 1.3729315 -0.4314926
-0.9414382 0.31381226 0.6276256
-0.117679596 0.90221214 -0.15690638
0.35303926 1.4906111 -0.82375854
0.7845316 1.333704 -0.35303938
1.2552514 0.9414387 -0.66685224
1.6082907 0.9414382 -0.117679834
0.7453053 0.9414382 0.6276256
0.31381273 0.706079 0.19613302
0.039226532 0.31381273 -0.15690637
-0.1961329 -0.078453064 -0.50994587
-0.117679834 -0.86298513 0.39226604
-1.2160246 -2.3535962 1.9613299
-1.8044233 -2.6281824 2.9812214
-1.7259707 -1.2944775 2.2359161
-1.2160239 0.23536015 0.19613314
-0.6276264 0.58839893 -1.7259703
0.9806652 0.039226532 -2.2359161
1.4513845 -0.62762547 -1.2944777
1.333704 0.078453064 0.03922659
0.86298513 0.8237581 1.6867439
-0.31381273 0.78453255 1.5298374
-0.3922658 0.5099449 0.58839893
0.078453064 0.11768055 -0.039226532
0.58839893 -0.039226532 -0.2745862
1.2160249 0.0 -0.3530395
1.7259703 -0.19613361 -0.5491724
1.5298374 -0.39226532 -0.15690637
1.3337044 0.039226532 -0.5491724
0.588399 0.19613266 -1.2552512
-0.6668522 0.3138132 -1.6867437
-0.15690643 1.1375713 -1.5298374
0.03922659 0.8237581 -0.4707191
-0.78453195 0.11768007 0.039226532
-3.412714 -1.5690646 -0.0784533
-3.726527 0.15690708 3.7657537
1.8044233 1.4121575 6.668522
2.275143 -1.1375718 -2.157463
1.8828769 -2.000556 -8.8652115
-0.39226604 -0.9806652 5.2563643
-0.0784533 -0.35303974 0.7453053
0.19613314 0.117679596 -1.1375713
-1.0983448 0.8237591 1.0591183
-1.686744 0.8237581 -0.66685224
-1.0983448 0.8237591 -1.1767981
0.23535967 1.1767979 0.03922659
1.0983448 0.50994587 0.35303938
1.6082907 -1.0591183 -0.54917234
1.2944778 -1.412158 -0.392266
0.07845318 -0.666852 0.19613299
-1.8828769 0.35303974 -0.27458617
-2.4712758 0.31381226 -1.6475172
-1.8044233 0.6276264 -1.6867437
0.0 -0.23536015 0.0
-0.90221167 0.039226532 0.50994587
0.078453064 0.0 -0.1569066
0.8237586 0.745306 -1.1375711
1.1375713 0.5491724 0.23535943
0.7060785 -0.23536015 1.3337045
0.35303974 -0.31381226 1.5690639
0.078453064 -1.0591183 1.765197
-0.2745862 -1.333705 0.0
-0.039226532 -0.9022112 0.117679834
-0.039226532 -1.9221039 -1.6475172
-0.90221167 -1.6475172 -3.2558079
-1.4513841 -0.3530388 1.372931
-1.333705 0.98066425 2.0790098
0.23536015 2.07901 -0.31381276
1.4513841 1.4513845 -0.19613302
2.1966891 0.666852 0.15690643
2.0005567 0.9414387 0.9414383
1.6475172 1.412157 0.7453054
1.9221034 1.8436503 -0.15690643
1.7259703 2.0790095 -0.27458617
0.43149257 1.9613302 -0.7453054
-1.255251 1.2160245 -1.6475172
-2.5497289 0.117679834 -1.5298374
-2.549729 -0.9414383 -0.2745862
-1.9221034 -0.8237586 0.47071934
-1.4906106 -1.5690641 -0.117679834
0.9806652 -5.727083 2.3928225
3.7657533 -1.4513845 2.7850885
3.530394 3.569621 -0.39226604
-1.3337044 1.0198913 2.3143694
-2.745862 -2.2751431 0.6276257
-2.5497289 -3.9226599 0.0
-1.8828769 -2.1574621 -1.0198917
0.4314928 1.0591173 1.0198917
1.0983448 1.2552519 0.43149233
0.62762547 0.3530388 -0.23535967
0.31381273 -0.74530506 -2.7066352
-0.78453207 -1.2160244 -7.1000147
-0.74530506 3.334261 -4.275699
0.23535967 2.667409 3.491167
-0.62762594 3.0596743 0.9806652
-0.58839893 3.8049803 0.7060785
0.23535967 2.9027681 0.6276257
0.47071934 -2.2751427 1.5690641
0.7060785 -4.9425516 0.35303926
1.4513841 -4.393379 -0.117679834
0.39226627 -3.8834333 0.15690649
-1.1767979 -3.2165813 0.82375854
-1.1375713 -3.1773548 -0.5099458
-0.62762594 -1.2552509 -4.707192
-2.5889554 2.2359161 1.9221034
-1.1375713 3.1381283 3.2950342
0.7060785 2.1182365 2.824315
2.2359161 2.2359161 0.6668521
3.7657537 0.0 -0.35303926
3.8834333 6.2762556 -0.31381285
3.334261 3.8834336 -0.5491724
2.039783 3.6480737 -0.35303938
-0.2745862 3.216581 -1.4906108
-2.3143692 -1.2944777 -0.54917234
-1.8044236 -3.4519408 -0.15690637
-3.2558079 -3.5696206 -4.4326057
-6.825428 -5.021004 -3.9226599
2.039783 -2.3535967 13.49395
5.5309505 0.39226627 -1.5690639
2.5889554 3.6088471 -1.3337044
-1.5298374 -1.2944779 3.0596747
-3.2950344 -5.727083 1.6867437
-2.7850885 -3.491168 -0.9806652
-0.43149233 0.078453064 -0.43149233
0.117679596 1.5690651 0.47071886
-0.31381273 0.27458572 -2.235916
-0.9414387 -1.2160244 -4.001113
-0.47071838 2.3143692 -2.9812217
0.9414377 3.8049803 -0.19613266
0.9414387 3.7657533 -0.19613314
0.2745862 3.3342612 -1.4513841
-0.11768007 2.432049 1.5690637
0.23535967 2.157463 0.78453207
1.0198917 0.31381285 1.5298374
2.1574628 -1.4906108 0.117679834
1.5690641 -2.941995 0.5491724
-1.5298374 -5.1779113 0.50994575
-3.0204482 -4.1187925 -0.039226532
-0.4314928 -2.9812212 -0.2745862
-0.15690613 -2.745862 -1.3337044
-0.50994587 -2.157463 -1.2944779
-2.1966896 0.43149185 1.1767981
-1.6475172 1.7651978 2.0790098
0.23536015 1.9613304 1.9221034
2.2751427 1.9221029 0.86298525
3.295034 2.2359161 -0.50994587
3.7657535 3.0204477 0.15690637
3.0596747 3.4519405 0.47071934
2.2751427 3.7265272 -0.5491725
0.3530395 3.412714 -1.2160245
-1.5690639 1.1375713 -1.5298374
-1.96133 -2.3928225 -0.86298513
-2.353596 -2.824315 -1.9221032
-4.6679654 -0.98066497 0.19613266
-1.6082902 -4.197246 1.6475172
2.9812212 -3.7657533 4.2756996
4.981778 1.2552509 -0.31381285
0.35303938 2.9419947 3.530394
-2.353596 -3.0989008 1.0198917
-2.5497286 -5.570177 -1.7259707
-1.5690641 -1.5298386 -0.2745862
-0.50994587 1.2160263 0.03922701
-0.50994587 0.0 -1.686744
0.0 0.7845316 -3.7657535
-0.23535967 -1.8044233 0.117679834
-0.3922658 0.7060776 -3.5303938
0.117679596 4.1972466 0.35303926
0.78453207 4.236473 0.19613314
0.2745862 4.1972456 -0.11768007
-1.1767979 3.8442066 -1.333704
-0.39226627 2.1182363 1.5690637
0.90221214 -0.31381273 1.372931
3.3734875 -2.4712758 -0.43149257
1.4513841 -3.3734875 0.9022119
-1.372931 -5.0994577 0.50994575
-1.8828764 -3.5303946 -0.07845318
-0.5883994 -2.7850885 0.15690637
-1.1767974 -4.001112 0.117679715
-1.5298376 -2.4712772 -0.8237585
-1.1767979 2.3143692 -0.3530395
-1.7259703 3.2165813 2.2359161
-0.3138132 2.1966906 1.9613299
2.3928223 2.079009 1.3729309
4.5110593 1.9221039 0.50994587
5.374044 2.9812212 0.2745862
4.1580195 3.8834333 -0.47071934
2.3928227 3.8049803 -0.9414382
0.3922658 2.432049 -1.569064
-1.372931 -1.1375713 -1.2944777
-2.353596 -3.4911673 -0.82375854
-3.491167 -3.334261 -4.236473
-4.6287384 -0.19613314 1.7259705
0.35303926 0.706079 4.9425516
-1.1375713 -7.72764 -1.5298374
3.0596747 -3.7265272 2.0790098
2.118236 5.8839903 4.6679654
-3.334261 -0.3138132 2.785089
-2.9812212 -5.5309505 0.86298466
-1.9613304 -3.255807 -4.864098
0.078453064 1.333704 -0.74530554
1.8044238 1.4906101 -1.1767979
1.6082907 -0.3530388 -5.0994577
-0.35303926 0.6276264 -3.5303938
-0.8237586 4.079565 0.5491724
0.31381273 3.8049803 0.19613314
-0.7060785 4.9425516 -1.7651973
-1.412158 3.4911673 1.2160249
-0.31381226 2.8635416 1.6867435
1.2160244 -0.8237586 1.2552512
3.8834333 -2.5105023 -1.9221034
2.3535957 -2.1182363 0.47071934
-0.70607877 -4.314926 2.5497289
-3.2950342 -5.7663097 2.1966896
-2.5889559 -3.3734875 -0.07845318
-0.15690613 -2.1182365 -2.2751427
0.43149233 -2.0397835 -2.2359161
-0.78453207 -0.8629856 0.70607877
-1.2944775 1.2160244 1.7651969
0.0 0.0 1.8828769
-0.50994587 2.5497303 0.117679775
1.1767979 3.1381273 1.4906108
3.451941 3.491167 -0.15690637
3.6873002 3.6873007 -0.7060789
2.824315 3.412714 -0.19613302
1.6867437 3.216581 0.0
0.3530395 2.4320493 -0.039226532
0.1961329 0.35303926 -1.372931
-1.0591182 -3.6088471 -2.353596
-2.824315 -3.6873004 -3.726527
-5.5309505 -0.039226532 3.2558079
-2.3143692 -1.8436499 2.941995
2.3535962 -11.41494 -10.512729
3.8049798 1.2944775 15.180695
2.0005567 8.472945 3.4911675
-2.6674087 6.903882 -5.2955914
-2.3535962 -5.177911 1.2552512
-1.4906106 -9.179024 1.372931
-0.039226532 -2.6281815 -4.3149257
-0.31381273 2.9027681 -1.765197
0.31381273 2.000556 2.432049
-0.19613314 0.39226627 1.5690639
-0.35303926 -0.039226532 -1.6082904
0.5491724 1.7259703 -4.1580195
0.0 1.8828764 -3.2558079
-0.039226532 0.7060785 -1.372931
1.0983448 2.1574636 0.2745862
1.5690637 2.3535957 1.4513845
0.9806652 2.3928227 1.2944775
-0.47071934 1.9221033 1.5298374
-1.3337045 -0.0392266 0.117679834
0.62762594 -1.569064 1.4513843
-0.2745862 -3.8442068 2.0790098
-1.8436503 -4.118793 0.7453054
-2.4712758 -4.5502853 -1.3337045
-0.35303974 -3.334262 -2.3928225
1.7651978 -1.5690632 -0.58839893
1.5298371 -0.43149185 -0.23535967
-0.39226627 1.4513836 1.6475172
-0.62762547 3.5696201 1.8044236
-0.23535967 3.6480742 0.66685224
0.4314928 2.0397835 -0.03922665
1.2160244 1.3729305 -0.78453195
1.6475172 1.8436503 -0.07845324
1.9221034 1.6082904 0.47071916
1.4906107 0.90221167 0.47071922
0.6276256 0.4314928 -0.15690637
-0.8237586 -0.5491724 -1.2944778
-1.4513841 -1.5690639 -3.4519408
-1.0591183 -4.314926 -3.5303938
1.6475172 -2.9027681 -0.2745862
1.4906107 2.8635416 5.6878567
0.78453195 4.4326057 4.4326057
0.0784532 0.2745862 -1.4121575
-8.786757 0.0 -23.104465
-0.078453064 -15.063013 0.0
0.43149185 7.727639 30.596746
0.0 -0.039226532 0.0
3.4911675 11.414941 -7.5315065
-1.8436499 -0.70607877 -0.980665
-4.0011134 -7.60996 0.7060788
-1.7651968 -7.139241 -0.31381285
2.4712753 2.6281824 -1.0983448
2.667409 3.7657528 0.78453195
0.47071934 0.78453255 -0.15690637
-0.62762547 -0.7060785 0.15690637
-0.07845354 -0.8629856 0.15690643
0.9806652 -0.19613266 0.07845318
1.1375713 0.50994587 0.07845318
0.9414382 0.74530506 -0.19613296
0.82375884 0.8629856 0.39226598
1.059118 0.5491719 0.6276256
0.9022119 0.078453064 0.39226592
0.58839893 -0.19613266 0.2745862
0.39226598 -0.3138132 0.03922677
-0.43149263 0.0 -0.5491724
-1.176798 0.1569066 -0.66685224
-1.0198915 -0.3138132 -0.8237586
-0.58839893 -1.0983448 -1.6867437
-0.27458644 -0.7060785 -2.9812217
0.47071934 0.9414387 -1.2552509
-0.7060785 0.7845316 1.4906106
-1.9221034 -0.9022112 1.4906108
-1.6082907 -1.7259703 1.0983447
-0.8629856 0.117679596 2.5497289
-0.8237581 1.2160244 2.8243153
-2.07901 0.8237581 0.9414382
-2.1966896 -0.9414377 -2.2359161
0.47071934 -4.3541527 -2.8635418
3.6480742 -5.177911 -1.0591182
3.0989008 1.0983448 1.5690639
0.3138132 3.0596743 0.31381276
-1.412158 2.3143692 -1.0983448
-0.2745862 1.4906111 -1.7651969
0.9806652 0.7845316 0.9414383
2.9419951 1.0198917 2.2359161
3.0204477 1.5690641 1.6475171
2.3143694 2.157463 -0.31381273
1.5298373 2.3535957 -1.5298374
0.117679834 2.667409 -2.432049
-2.353596 1.0983448 -2.5889556
-3.412714 -0.9022118 0.0
-3.1773548 -0.66685224 2.1966896
1.6867442 1.9221034 5.6878567
-0.39226627 0.03922659 -3.6480737
-2.039783 -10.042009 2.2751427
1.5690637 -5.805537 -4.4718323
3.2558079 2.5889559 3.5696206
0.58839905 1.333704 1.2944778
-0.86298525 -0.62762547 0.9414382
0.0 -0.23535919 1.2552514
-1.6475172 -1.8828773 -0.19613314
-2.3928223 -1.8044233 -0.078453064
-2.1182365 0.74530506 -1.2160246
-0.039226532 1.2944784 -0.70607877
1.372931 0.078453064 -2.9812217
1.1767979 -1.0198917 -1.7651969
0.62762547 0.7845316 0.0
-0.50994587 2.4712763 -0.03922677
-1.2160244 3.6480737 -2.0005562
-0.78453207 3.7657533 -0.8237586
-0.19613266 1.765197 0.58839893
0.0 1.2160246 -0.23535967
1.6082902 0.117679834 0.58839893
2.7066355 -1.4513843 1.6867437
1.0983448 -2.9812217 1.8436501
-1.5298371 -3.961886 0.8237586
-1.3337045 -2.4320498 -0.8237586
0.078453064 -2.588955 -0.784532
0.078453064 -2.8635416 -0.6668521
0.11768007 -3.2165813 -2.1574628
-1.0591183 -1.333704 1.5690639
-2.5497293 2.3928223 1.7259703
-1.2160244 3.2165804 1.3337044
1.0983448 2.824315 0.8237586
2.5889559 2.8635426 0.039226532
2.9812214 3.4127135 0.31381285
2.3535957 3.3342612 0.2745862
2.4320493 2.9812214 -0.2745862
0.78453207 1.4513842 -0.47071922
-0.19613314 0.78453195 -1.1375713
-1.5690639 -1.0983448 -1.4121575
-2.745862 -2.3143694 -1.4513842
-4.511059 -1.8828768 1.0198915
-1.8828764 0.94143844 2.4320493
2.1574626 -7.649186 -6.7077484
3.5696204 -4.4326057 2.4712756
4.981778 3.5303936 6.0408964
-0.35303938 3.0596743 4.236472
-2.5889554 -3.334261 1.412158
-3.0596747 -5.0210047 -1.8044238
-3.2950344 -2.588955 -3.0596747
-2.3928223 1.333704 1.2944779
-0.50994587 1.6475182 -2.549729
0.666852 -0.3530407 -5.9624434
1.2160244 1.2944784 0.2745862
1.1767983 3.1773539 -0.5491724
-0.078453064 3.3734884 -0.117679596
0.43149233 3.7265263 -0.039226532
-0.58839893 3.8442068 -0.78453207
-0.19613314 2.824315 0.666852
0.07845354 1.0591182 2.275143
2.8635416 -2.039783 0.70607877
2.353596 -3.0596747 0.117679715
-0.6276257 -5.217138 -0.23535955
-2.1182365 -3.5696206 -1.0983448
0.0 0.0 1.2552512
-1.4121575 -2.7066355 0.15690649
-0.19613266 -3.33426 0.0
-1.6475177 -3.8442078 -1.2552513
-2.2359161 -3.3734875 0.31381297
-1.0983448 1.9221039 1.6082904
0.15690708 3.0596752 1.6475172
2.1182356 3.6088467 1.1767979
2.9812222 3.8049803 -0.58839893
3.0989013 3.6088467 -0.23535955
2.7850885 3.334261 0.039226532
2.9812217 3.8834333 0.03922665
0.8237586 4.2364726 -0.2745862
-0.3530395 3.1381278 -0.70607877
0.43149257 -2.4320488 -0.47071922
-0.9414382 -4.628739 -1.6867437
-4.1580195 -3.9226599 -4.4326057
-6.1193495 0.23535967 3.3342612
-0.3530388 -0.74530554 4.589512
1.6867433 -7.8060927 -2.0397832
7.1784678 -1.8436508 -4.197246
2.2359161 5.6878576 9.571291
-2.9812214 0.039226532 3.3342605
-3.648074 -6.23703 0.90221214
-3.5303936 -5.099457 -5.9624434
-2.6674094 0.3530388 1.4121578
-1.7259703 2.4320488 -2.3535962
2.07901 1.4906101 -4.8248715
2.5105023 1.6082916 -2.039783
1.4121575 3.1381273 0.47071886
1.0983448 3.569621 0.117679834
-0.43149233 5.0994577 -1.647517
-2.1966896 3.3734875 0.78453207
-0.90221167 2.157463 1.4513841
0.8237586 -0.50994587 0.82375836
3.491167 -2.2359161 -1.72597
1.9221034 -2.8635418 1.3729308
-1.2944777 -4.667965 2.353596
-2.7850888 -5.295591 0.588399
-1.7651968 -3.9226599 -1.4121575
0.23535967 -4.0403404 -2.8635416
1.2552509 -3.0988998 -1.2552514
0.039226532 0.8237572 3.0204482
-2.0397825 3.9226608 2.1966896
-1.333705 3.2558079 1.2552512
0.9806652 2.2751427 1.0591182
3.2950344 2.4320488 -0.039226532
3.5303938 3.6480737 0.0784533
2.3928225 4.0403395 -0.31381297
1.1375713 3.9226599 -0.1961329
-0.31381273 2.9812214 -1.1375713
-1.2160246 -0.3922658 -0.98066497
-0.98066497 -3.6088471 -0.8629852
-2.0397832 -3.7265267 -2.8635416
-3.2950342 -0.4314928 1.059118
-1.1375713 2.5497289 3.0596747
1.7259703 -8.708305 -4.3149257
3.334261 -5.570177 1.5298374
4.4718323 4.589513 5.491724
-1.8436501 3.7265263 3.334261
-2.353596 -2.9419947 2.7066355
-1.8828769 -5.6878567 -0.50994587
-3.491167 -2.667408 -4.628739
-1.5690637 1.6475163 1.2944779
-0.66685295 2.1182365 -1.8828769
0.039226532 0.7845316 -4.4326057
0.90221214 0.15690708 -3.8442068
0.9806652 2.588955 0.74530554
1.3729305 3.3734875 0.1569066
0.47071934 3.7265272 0.9414382
-0.43149233 4.511059 -1.4906106
-0.47071934 2.157463 1.2552509
-1.0983448 0.15690637 1.5298374
2.745862 -1.4121575 0.23535967
3.1773543 -2.1182363 0.23535967
1.0983448 -4.0011134 1.2552512
-2.039783 -5.0994573 0.39226598
-2.5889554 -4.0403404 -1.4513842
-0.35303974 -2.2751417 -2.5105023
0.23535967 -0.78453255 1.372931
-1.2552509 -1.9221039 0.70607877
-2.3535962 -1.6475163 0.70607877
-0.9414387 2.07901 0.47071922
0.35303974 2.667408 0.98066497
2.1182365 3.0989008 1.3337044
3.412714 3.6088476 0.8237586
2.9812214 3.5696206 -0.117679834
1.8044236 3.7265267 -0.9022118
0.784532 3.5696206 -1.0591182
-0.31381285 2.1182365 -1.8828768
-1.7651969 -1.6475172 -1.176798
-0.94143844 -3.2950344 0.3530395
-0.66685224 -3.216581 1.8044235
-1.3729308 0.706079 1.2160245
-1.0983448 2.7458618 -0.35303938
-1.3337045 -11.140354 -18.750313
1.2944779 -3.3734884 17.377382
5.060231 5.2955914 2.4320493
-0.9022118 3.8049803 2.6281824
-3.5696204 -2.7850885 1.0198913
-2.8635416 -5.570177 1.5690641
-2.7066355 -0.588398 -2.1966896
-0.5491724 1.5690632 -3.216581
2.5105023 0.74530506 -0.23535955
2.0790095 -0.23535919 -0.47071922
0.62762594 0.39226532 -0.3530394
0.58839893 2.07901 -2.039783
-0.78453207 1.6475172 -1.4121575
-1.5298376 1.2944775 -1.5298374
0.0 0.0 0.62762547
-0.117679596 1.5298376 -0.23535967
0.74530554 3.5696206 0.11768007
0.9414382 2.3928227 0.15690613
0.31381273 1.4906108 1.2160246
0.8237586 -0.50994575 1.1375715
0.50994587 -2.4712758 1.7259703
-1.7651968 -4.2756996 1.765197
-2.07901 -3.8049798 -0.7453054
0.86298513 -3.334261 -2.2751427
1.5298376 -3.5303946 -1.7259704
0.86298513 -2.7850876 0.70607877
-0.6668525 -1.2552509 -0.43149257
-1.372931 2.5497284 0.94143844
-1.6475167 3.9226599 2.3928225
-0.4707198 2.6281824 0.784532
1.2552514 1.6475163 0.0
1.7259707 1.5690641 -0.2745862
2.118236 2.667409 -0.66685224
1.1767981 2.5105023 0.03922659
0.7453053 1.765197 -0.07845321
-0.31381273 0.8237586 -0.86298513
-1.2944777 -0.6276257 -0.9022118
-0.9022119 -1.8044233 -1.2160246
-0.666852 -1.4513845 -0.98066497
-0.47071934 0.62762594 0.78453207
-0.117679596 1.9221032 1.4121575
0.7060785 -0.23535943 3.3734875
1.9613299 -3.6480737 4.981778
5.76631 -5.413271 -13.37627
-4.903325 -2.1966896 11.846434
-7.021561 -1.2944775 1.5690637
-4.903325 3.7265272 -4.5502853
1.2944784 0.62762547 -2.4320493
2.8635416 -2.2359161 3.138128
2.5105019 -1.4906111 -0.0784533
1.1375713 0.117679596 -1.7651969
-0.7060785 1.2552509 -0.39226598
-0.58839893 1.7651978 -0.35303938
0.86298513 1.9613295 -1.0591182
1.9221034 1.2552509 -1.4513842
1.6082904 0.4314928 -0.5491724
0.39226604 0.86298513 0.94143844
-0.039226532 1.4906111 0.39226604
0.1961329 1.8828769 0.0
0.19613302 2.1966894 0.117679715
-0.23535955 1.5298374 0.27458626
-0.74530554 -0.82375854 0.27458617
-0.9414382 -1.6475172 0.2353596
-0.6276257 -0.94143844 0.98066497
-0.7060785 -1.5690639 2.4320493
-1.6082907 -2.863542 2.549729
-0.86298513 -4.824871 -1.0591183
-1.0983448 -4.2756987 -0.78453207
-0.666852 0.66685104 0.039226532
-0.745306 2.9027681 -1.0983448
-0.7060785 0.78453255 -2.0790098
-0.9414387 -0.8629856 -0.74530536
-0.117679596 -1.4513836 -0.35303938
0.39226627 -0.50994587 -0.3138128
2.2751427 -1.0198917 -0.980665
4.1580195 1.7259703 -1.7651968
2.9812214 1.5690641 0.039226532
0.70607877 1.2552509 1.0983448
-0.39226592 1.4513845 0.86298513
-0.50994575 2.4712753 0.6276256
0.4707191 3.4127145 0.47071916
0.8629852 3.0596745 0.6276256
0.07845318 1.9221034 0.39226598
-1.2552512 0.90221184 -0.9022118
-2.2359164 -0.5491724 -1.2944777
-3.961886 -0.5099458 0.39226592
-1.8044243 -1.1375713 3.216581
2.1182365 -0.78453195 2.1966894
4.1580195 0.31381273 -0.50994563
5.2563643 -3.491167 -23.888998
-0.86298513 -6.982335 18.005009
-0.23535961 -1.4906101 9.45361
-0.8237586 2.6281815 -0.35303926
-2.039783 -2.2359161 -2.9027681
-1.7651968 -3.922659 -2.9419951
-1.8044238 -1.7651978 1.4121577
-1.0591183 1.7651978 2.0005562
-0.31381273 1.9221029 0.1569066
0.35303926 0.666852 -3.0204482
0.19613314 0.078453064 -4.275699
0.039226532 1.1375713 -0.23535967
0.62762547 2.4320488 -1.0983448
0.6668525 3.1381283 -0.2745862
0.9414382 3.2950344 0.43149257
0.23535967 2.5889554 -0.82375836
-0.9414382 0.78453195 0.078453064
0.15690613 -0.23535955 0.8237586
1.0198917 0.19613302 1.4513841
0.8237586 -2.2751427 1.4121577
-0.039226532 -3.6088471 0.50994575
-0.66685224 -3.5696206 -0.3138128
-1.3337042 -4.393379 -2.3928225
-1.0198917 -3.6873007 -1.3337042
-0.4314928 -2.745861 2.4320488
-0.8237586 -0.5099468 1.0198915
-0.86298513 2.0397835 0.35303938
-0.15690613 3.2558079 0.5491724
0.47071886 2.9812222 0.35303938
1.8044238 2.9027681 0.0
2.5889554 3.0596743 0.47071922
2.4712758 3.0596747 0.23535961
2.0005565 2.745862 0.4707191
0.98066497 2.824315 -0.43149257
-0.8237586 2.1182363 -1.3729309
0.0 0.0 -1.8436502
-1.9221034 -0.3530395 0.0
-2.2751427 -2.628182 -5.0210047
-3.9226599 -3.334261 0.039226532
-3.6088471 -0.98066497 5.0210047
1.8436499 0.0 5.6878567
4.314926 -5.295591 -3.0989013
5.727083 -1.5298376 -2.1182363
1.0591182 2.5889559 7.6884136
-1.9221033 -3.334261 3.5696201
-1.4121575 -4.6287394 -0.39226532
-1.3337044 -3.4519405 -7.5315075
-0.70607877 0.8237591 2.2359161
-2.3143692 1.1767979 0.1569066
-2.9027686 -0.47071838 -6.5508423
0.0 1.9613285 -1.0983448
2.2751427 3.6873007 0.78453207
2.275143 3.6088476 0.23535943
0.50994587 2.706635 0.15690637
-1.2552512 2.07901 -1.0983446
-1.6475172 1.8436499 -1.0983448
-0.1569066 1.4906108 0.70607877
0.35303974 1.4906108 0.1961329
1.4121575 -0.23535961 0.78453207
2.0790095 -2.7066352 1.3337044
-0.2745862 -5.413271 1.4121575
-2.0005565 -5.6094036 -0.70607877
-0.1569066 -3.4519405 -2.7850885
1.0591183 -1.9221039 0.1569066
0.23535967 -3.334261 0.2745862
-1.4513841 -2.745861 1.8044235
-2.1182365 3.2165813 1.2552512
-1.333704 4.4718323 0.6668522
0.23535919 3.8049793 1.4121575
2.5497289 2.5497293 0.94143844
3.0989015 2.079009 0.2745862
2.4712758 2.863542 -0.58839893
2.0005565 4.001113 -0.9022118
0.2745862 3.7657535 -0.58839905
-0.50994575 2.549729 -1.7259703
-1.0591182 -1.0198917 -2.353596
-2.7066352 -3.216581 -1.3729308
-3.9618866 -3.1773546 0.62762547
-1.7651968 -0.117679596 2.5889554
1.9613299 0.90221167 1.3337044
3.2950342 -14.121576 -10.551954
1.8828769 -2.3143692 13.964668
2.0005565 7.5315075 5.374044
-2.1182363 3.7657537 -1.5298371
-3.2558079 -7.060788 -2.2359161
0.3530395 -4.589512 0.7060785
-1.647517 -1.3729305 -0.7845316
-2.07901 1.5690632 -1.0983448
-1.2160249 1.7259712 -0.78453207
0.19613361 0.6276245 -5.76631
0.0 -0.23535919 -1.8828769
0.58839893 2.1966896 0.54917264
0.98066473 4.1187925 -0.4707191
1.4906106 3.8834338 0.62762547
0.39226627 2.0790095 0.58839893
-1.4906106 1.9221034 -1.4513841
-1.0983448 2.3143694 -0.58839893
0.19613266 1.5298374 2.3535957
0.9806652 0.23535955 0.8237586
3.1773543 -1.3729309 -1.4906106
1.3337045 -3.0989013 2.3928223
-1.9221034 -5.727083 1.6867437
-2.3928223 -5.570177 -0.98066497
0.078453064 -2.5497293 -1.765197
1.4906106 -2.000557 -0.35303926
-0.5491724 -3.491167 0.5491723
-1.2552509 -1.6082897 1.3337044
-1.5690637 2.9812202 0.5099458
-0.9414387 3.8442078 0.70607877
0.9022112 3.2165804 0.8629852
2.5497293 2.9812222 0.23535955
3.0596747 3.491167 0.4314927
2.824315 3.6873002 0.58839893
1.9613299 3.6088471 -0.3530395
-0.039226532 1.9221034 -1.4906106
-0.7453054 0.31381285 -2.3928225
-1.5298374 -2.5497289 -2.0005565
-2.5889556 -3.2558079 -0.7453053
-3.4519408 -1.3337045 2.353596
-2.157463 0.58839893 3.216581
2.157463 -6.00167 -2.1182363
6.0408964 -1.2160244 -4.5502853
1.6082906 4.550286 7.8453197
-1.4906107 -1.3337045 4.511059
-2.3928227 -6.5508423 2.5105023
-0.90221167 -5.2171373 -5.0994577
-1.1767981 -0.6276264 -0.62762547
-1.8436499 1.9221039 1.5690637
-1.372931 0.90221214 -3.3342607
-1.2944779 0.7060795 -4.7464185
0.27458668 3.255807 -0.4707191
0.8237581 4.158019 -0.117679834
0.90221167 4.15802 -0.70607877
0.9414387 2.8635416 -0.90221167
-1.0591183 2.0397832 -0.23535967
0.23535967 1.5298374 1.3729308
0.5491724 1.176798 1.2552512
2.1966896 -1.2160246 0.7453054
2.2751427 -2.353596 -0.78453195
-0.23535955 -3.9618864 1.3337044
-2.07901 -5.4524975 -0.15690637
-2.118236 -3.5696201 -0.7453054
0.078453064 -1.8436508 -0.039226532
0.3922658 -2.4712753 -0.50994587
-1.1375713 -3.0596752 0.6276257
-1.7259698 -3.1381264 1.3337042
-1.7651978 2.6281815 0.6668522
-0.15690613 3.6480732 1.0198916
2.07901 4.8640985 0.39226592
2.6674085 4.824872 0.07845318
2.9812217 4.275699 0.50994575
3.1773546 3.8442063 0.31381297
2.5497289 3.5696206 -0.03922677
1.5298374 2.1182365 -0.50994575
0.9414382 -1.3337045 -0.5491724
-1.1767979 -4.511059 -0.7060787
-2.1966894 -3.4911675 -2.9027684
-6.080123 -0.74530506 -3.020448
-3.9226604 3.7657533 4.2364726
3.7657537 -4.275699 -0.58839893
0.66685224 -7.688413 3.3734875
4.864098 -0.9806652 -0.19613302
-0.31381273 5.060231 2.667409
-4.118793 -1.0591183 2.039783
-3.8834333 -6.982335 -0.039226532
-1.7651973 -3.7657528 -1.1767979
-0.58839893 0.90221214 -1.2944779
1.2552519 1.6867428 -0.7453053
1.8828764 0.78453255 -3.8049803
0.15690613 0.43149185 -3.6480734
0.35303974 4.2756996 -0.19613314
-0.3138132 5.413271 0.58839893
-0.15690613 4.707192 0.98066497
-1.372931 3.2950342 -2.1574628
-0.9414382 1.6082906 1.7259703
0.3530388 0.9806651 1.7259703
2.9812222 -1.4513842 0.66685224
2.8243148 -1.6475172 -1.3337045
0.94143844 -2.824315 1.6082907
-1.8828766 -5.3740435 1.2552512
-2.0790098 -5.491724 -0.70607877
-0.35303926 -3.8049803 -2.2751427
0.3922658 -2.157463 0.43149257
-0.1569066 -2.9419956 0.78453195
-1.2160244 -2.079008 0.15690637
-1.6867437 3.0204468 1.0198915
-0.9806652 3.648075 0.9414384
1.0983448 3.255807 1.8044235
2.5105023 2.7850885 0.47071934
2.7066355 3.334261 0.0
2.7066355 3.6480737 -0.19613314
2.2751427 4.4326057 -0.8237585
2.3535957 4.4326057 -0.70607877
0.62762594 2.1574628 -1.0591182
-0.90221214 -2.7066352 -1.6867437
-1.6082904 -4.903325 -1.4121575
-3.9226599 -4.511059 -2.549729
-5.8055367 -0.078453064 1.8828769
0.86298513 -1.7651973 0.70607877
2.1182365 0.0 -5.4524975
0.0 -6.0408964 0.0
2.0005562 1.2160254 14.670748
0.47071934 5.177911 3.0204487
-3.216581 -0.35303974 -4.6679654
-2.157463 -5.9624434 1.2552509
-0.31381273 -3.9618855 0.62762547
-0.6668525 -0.5883999 -2.9419947
0.35303974 2.1966896 -1.1375716
1.8044233 1.8828773 -1.5690639
2.1182365 0.50994587 -5.727083
0.4707191 1.6867437 -1.4513845
-0.39226604 2.5497284 0.90221214
-0.3922658 3.0596747 -0.2745862
-1.1375713 2.6281824 0.74530506
-0.47071934 2.7458618 0.62762594
-0.039226532 2.1182363 1.5298371
-0.2745862 0.588399 1.0983448
-0.19613314 -1.2552512 0.2745862
1.5298376 -1.5298374 1.0983448
-0.35303974 -3.4519405 1.765197
-1.333704 -4.4718323 0.7453054
-1.0198917 -5.413271 -1.2552512
-0.23535967 -3.9226599 0.980665
1.2160249 -1.4906101 0.58839893
0.8237581 -0.31381416 -1.6082906
0.39226627 0.27458763 -0.3138128
-0.11768007 2.2359161 0.19613296
-0.62762547 4.1972456 -0.35303935
-0.31381273 4.511059 0.03922659
-0.31381273 2.667409 0.4707192
0.4314928 0.98066473 -0.07845318
1.2944775 0.6668525 0.15690643
2.157463 0.5491724 0.50994575
1.5690639 0.039226532 0.70607877
1.0983448 -1.3337045 -0.50994575
0.39226598 -1.372931 -2.0005565
-1.3337044 0.1569066 -2.9027684
-1.6082904 1.4121575 -1.1767981
-0.39226604 2.9027681 1.3337045
0.15690637 1.3337044 2.549729
0.39226604 -3.2165813 4.785645
0.62762547 -4.354152 1.5690641
-0.35303926 -5.727083 -6.9038815
-3.2950344 0.27458572 8.590625
-3.8834333 2.07901 -4.5502853
-0.86298466 -1.8828773 -0.5883992
2.000556 -1.6082897 2.0397832
2.3143692 -0.66685295 -0.117679596
1.372931 0.15690613 -1.765197
-0.7845316 1.1767988 -1.1767981
-0.8237586 1.8828764 -0.86298513
0.2745862 1.8436499 -0.784532
1.2944775 1.7259703 -0.9806649
0.8629854 1.7651978 0.27458614
0.62762547 2.118236 0.8629852
0.74530554 2.3143692 0.74530536
0.5491723 1.8828769 -0.03922659
-0.117679715 0.98066497 -0.35303938
-0.15690637 -0.19613302 -0.4707192
-0.39226604 -0.78453195 0.3138128
-0.66685224 -1.6475172 1.2160245
-1.3729308 -2.9027681 2.3535957
-1.4906111 -3.0596752 1.9221034
-1.2944775 -4.981778 -2.3928225
-0.8629856 -4.746418 -7.021561
0.706079 -1.333704 -1.5690639
-2.039783 0.8237572 3.3734875
-2.2359161 0.1176815 1.8436501
-0.9806652 -0.1176815 -2.5105023
0.39226627 0.90221214 -1.1375713
3.9618864 3.2558079 1.4906106
4.4326057 4.903325 2.8635418
3.2165809 4.6679654 1.0198915
1.3337044 4.0795665 0.8237586
0.9022118 3.334261 0.39226604
0.78453195 2.4712758 -0.0784533
0.39226604 0.23535919 -0.8237585
-1.0591183 -2.9812212 -1.372931
-1.6867437 -1.5690639 -3.6480737
-1.8436501 -0.43149257 3.5696204
1.1375713 -1.5690639 4.1187925
-3.9226599 -7.2176943 -5.256364
-2.7066355 -8.629851 0.588399
4.04034 2.5105019 3.4127142
1.3337042 1.9221039 -1.1375716
-2.3928225 -1.6082907 1.8828766
-1.9221034 -2.235917 0.50994587
-2.1574626 -1.5298367 -1.5298371
-0.62762547 0.15690613 -1.8828769
2.3143687 1.0198917 -2.6674087
1.6867437 1.6867447 -1.5690639
-0.3922658 2.4320478 0.1961329
-0.47071934 3.8834333 0.2745862
-0.35303926 5.1779113 -1.647517
-0.31381273 4.1580195 -2.0397835
0.58839893 1.5298374 1.2944779
1.8044238 -0.784532 1.7259703
2.5889554 -1.6082906 -0.666852
1.372931 -1.9221034 1.2160244
-0.8237586 -3.6088471 1.5298375
-2.3535957 -3.6480737 0.23535955
-1.059118 -2.3928223 -0.58839893
-0.78453207 -3.569621 -2.941995
-1.1375713 -3.7265263 0.0
-1.1375713 -2.3928223 2.628182
-0.98066473 1.6867428 1.9221034
-0.39226627 3.0989017 1.2160245
0.666852 3.5696201 0.31381273
1.4121575 3.2558079 -0.117679715
0.0 0.0 -0.15690637
2.5497289 3.0989017 0.0
6.00167 7.8845463 1.255251
0.0 -0.392266 0.0
1.0983447 3.80498 -0.50994563
-0.039226532 0.86298513 -1.3337045
-1.4513842 -2.745862 -1.8436501
-2.2751427 -3.6480737 -3.4911675
-4.1580195 -1.8828766 1.1767981
-0.8237586 -0.03922701 3.5696206
2.745862 -10.551954 -4.197246
3.3734877 -0.90221214 6.1978025
0.588399 6.746975 4.001113
-3.1773546 -0.39226532 1.5690641
-2.1182365 -6.158576 0.74530506
-2.2359161 -3.5303946 -3.4519405
-0.98066473 1.0591183 -0.31381273
1.8044233 0.7060795 -2.1182365
1.5298376 -0.66685295 -4.4326057
-0.19613314 1.333704 -1.8436502
-0.90221167 4.5110598 -0.3530395
-0.2745862 4.3933787 1.2160246
0.19613314 3.2165813 0.706079
-2.000557 2.4712756 -3.648074
-0.19613266 1.7259703 1.5298376
1.5298371 1.1375715 2.9027681
2.4712758 -0.23535967 0.7060788
2.2359161 -1.8436501 -1.0198915
-0.2745862 -4.3149257 1.0983448
-2.1966896 -5.4917235 -0.43149263
-0.5491724 -3.7657537 -1.4121574
0.706079 -2.9419956 -0.31381297
0.50994563 -3.7265263 -0.43149257
-0.66685224 -2.4320488 0.23535967
-2.2751427 2.07901 1.372931
-1.2944779 3.7265263 1.1375713
0.23535967 3.1773548 1.0983448
1.7651973 2.824315 1.5690639
2.9027681 3.0989008 0.58839893
3.0989013 3.2558079 0.117679834
2.0790098 3.216581 -0.50994587
0.50994587 2.9812217 -0.98066485
-1.569064 2.3928227 -1.5298374
-3.0204482 -0.8237586 -1.8436502
-3.2165813 -3.412714 -2.824315
-2.9812212 -2.667409 0.0
-1.2944775 -1.5690641 6.315482
0.7060785 -7.5315065 -1.6082906
13.415497 -1.333705 -15.494507
1.2552509 6.7469754 18.867994
-2.7066352 -0.35303926 8.590625
-2.824315 -7.9629993 1.9613304
-4.118793 -7.492281 -16.435946
-1.4906108 1.2552509 5.9232163
-2.745862 2.7066364 -2.0790095
-0.5491724 0.0 -2.2359161
0.0 0.54917145 0.0
0.74530554 1.3729305 -2.039783
1.5690641 3.9618874 0.23535943
1.4513841 4.0403395 0.03922677
0.70607877 3.9226599 -0.5491724
-1.2944777 2.9812214 -1.9221036
-2.1966896 1.0983449 0.9414387
-0.35303926 1.9221033 1.0198915
0.98066473 1.0591182 0.58839893
3.0989015 -1.2552512 -0.62762547
2.0005565 -2.0790098 -0.19613314
-0.50994587 -4.1187925 2.4712758
-2.5889556 -5.217138 1.0591182
-2.3143692 -4.1187925 -0.70607877
0.039226532 -2.9419947 -1.176798
0.11768007 -4.824873 -1.2160246
0.62762547 -2.5105019 0.0784533
-0.58839893 3.4519405 1.8044236
-0.8237586 3.6088467 1.7259703
0.8237586 2.66741 1.4513843
2.118236 2.7066345 0.58839893
2.5105026 3.6873007 -0.7453054
2.1182363 4.001113 -0.5491724
1.4906107 4.393379 -0.2745862
0.117679834 3.8049803 -0.15690637
-0.47071922 2.3143692 -0.98066497
-0.23535955 -1.2160244 -0.3138128
-0.70607877 -4.197246 -0.39226598
-2.3928225 -4.0795665 -1.3729309
-3.7265267 -0.666852 -0.0784533
0.078453064 -8.943665 -7.2961473
1.7259703 -3.4519415 6.9823346
6.354709 6.1193504 4.785645
-0.23535967 4.354152 5.64863
-2.628182 -6.7469754 3.9226599
-1.569064 -6.2762556 -1.1375713
-3.0989013 -2.3535957 -8.669079
-1.372931 2.3143692 1.9221034
-0.7060785 1.8044243 -4.393379
0.47071886 1.2160244 -2.2359161
0.5491724 3.6480732 -0.23535967
0.4314928 4.667965 -0.8237586
1.0591183 3.8442068 1.0198915
-0.90221214 2.275143 -2.1966896
-1.8436499 1.176798 0.07845354
0.0 2.5497289 1.3729308
1.2552509 0.86298513 1.2944777
2.8635418 -1.2552512 -0.58839893
1.2160246 -2.5889554 0.70607877
-1.1375713 -5.374044 1.6475172
-2.5105023 -5.491724 -0.117679805
-0.5491724 -3.9618864 -0.9022118
0.50994587 -4.15802 -2.157463
0.35303926 -3.7265263 0.0
-1.3337045 -0.31381226 1.765197
-1.372931 3.8442059 1.9221033
-0.47071934 3.412714 1.2552512
1.2552514 2.824315 1.0983447
1.9613299 3.1773548 0.03922677
2.941995 4.2756996 -0.0784533
2.7066355 3.412714 0.0
2.1574628 3.412714 -0.2745862
1.7651968 3.4127142 -0.43149257
0.6668525 2.235916 -0.70607877
-0.39226627 -1.647517 -1.3337044
-1.4121573 -3.2558079 -1.7259704
-2.8635418 -4.04034 -3.608847
-5.4132705 -2.118236 0.98066473
-2.3928227 -2.19669 2.275143
1.0591183 -5.491723 3.2165809
5.6094036 -0.39226627 -4.8248715
1.4513841 6.0801225 9.061344
-2.4712756 -2.1966891 4.393379
-1.5298374 -7.6099606 0.4314928
-0.86298513 -3.922659 -6.080123
-1.8436503 1.8044224 -0.39226604
-0.78453207 2.0397835 -0.58839893
-0.47071886 1.2160244 -1.2944778
0.2745862 2.000557 -4.7464185
0.86298513 3.1381273 -1.1375716
1.6475172 3.4519415 -0.666852
1.2552509 2.1966891 1.1375713
0.3530395 2.7066355 -0.47071934
-1.098345 2.5105023 0.4314928
-0.5099454 1.8044236 1.5298374
-0.4314928 -0.15690637 0.9414383
1.8436501 -1.569064 -0.19613302
1.569064 -2.3928225 1.1375713
-0.5491723 -5.1386843 1.0591183
-1.8828766 -5.4524975 -1.176798
0.15690613 -3.7657547 -3.9226596
1.0983448 -1.1767979 0.78453183
0.039226532 -1.0983448 1.7651968
-2.0005565 -0.23535919 -0.50994563
-1.2552509 2.000557 0.0
-1.2160249 2.3928223 0.7453053
0.19613314 2.000557 0.58839905
1.4121575 1.6475172 0.86298513
1.5690641 2.000556 0.78453195
1.8828766 2.4320498 0.7453054
1.255251 2.5105023 0.039226532
0.43149263 2.2751427 -0.39226592
0.50994575 2.353596 -0.3138128
0.43149257 1.3337044 -0.392266
-0.58839893 -0.6668521 -0.2745862
-1.2944777 -2.941995 -1.2552512
-1.8044236 -4.001113 -4.628739
-3.9618866 -0.74530554 0.62762594
1.0198917 -6.1978025 0.5491724
3.2950344 -3.1381283 1.5298371
0.0 0.0 9.45361
2.3928225 5.334818 3.1381283
-0.19613302 6.2762556 0.117679596
-4.197246 0.1569066 -5.1779113
-2.9812222 -7.963 1.4513841
-0.666852 -4.589513 -1.8828766
1.5298376 1.6475182 -2.9027684
1.3337045 2.5497284 0.19613296
0.7060785 1.0591183 0.66685224
0.39226627 -0.39226532 -0.94143844
0.23535967 0.58839893 -2.039783
0.117679596 1.3729305 -3.5303938
-1.0198917 1.2944775 -0.039226532
0.11768007 1.2160254 -0.39226627
1.2552509 1.4513841 0.39226627
1.1375716 2.1966891 1.5690639
0.2745862 2.5105026 1.1767979
-0.6276257 1.2160245 -0.078453064
-0.4707191 -0.8237586 1.059118
-0.03922677 -2.0005565 1.1375715
-0.35303926 -1.8044236 1.1375713
-0.666852 -2.628182 1.5298373
-1.8044238 -4.3541527 1.8044236
-2.07901 -5.570177 0.35303926
-1.8436499 -2.588955 -1.3729308
0.90221214 1.8828754 -0.70607877
1.7259698 2.3535976 -2.2751427
1.1767983 0.078453064 -1.0983448
1.0591178 0.0 1.0983448
1.372931 1.1375704 1.1375713
1.3337045 2.1182365 0.5491724
0.5883992 2.1966896 -0.2745862
0.31381273 2.1182365 -0.58839905
0.4707191 1.6082902 -0.78453195
0.5491724 1.0983448 -0.6276256
0.35303944 0.706079 -0.39226598
-0.03922659 0.666852 -0.392266
-0.47071922 0.39226627 -0.6668522
-0.7453053 0.78453183 -0.98066497
-0.74530554 1.1375713 0.15690637
-0.86298513 1.2552512 1.0591182
-1.9613299 1.2552512 1.5298374
-0.9414382 -1.6867437 6.433162
3.0596745 -3.2558074 2.1966896
4.7464185 -6.472389 -15.651413
0.23535955 -6.158575 6.550842
-3.2950344 -3.1381283 4.3541527
-3.1381283 3.6872997 -4.4718323
-0.3922658 2.000557 3.6088471
-0.039226532 -0.23536015 0.50994587
0.47071934 -1.0983448 -0.39226604
-0.35303974 -0.7060785 -1.2160246
-1.5690637 0.19613266 -1.5690639
-0.039226532 1.0983448 -0.70607877
1.5690637 1.4513845 -0.90221184
1.0198917 0.0 -0.39226592
0.0 1.6475172 0.0
0.0 2.157463 0.15690637
-0.74530554 2.3928223 0.8629852
0.0 3.1381283 0.6668522
0.23535967 2.8635416 -0.8237586
0.47071934 1.5298374 -1.3337044
0.3922658 0.86298513 -0.9414383
0.2745862 0.2745862 -0.5491724
1.1375713 -4.2364726 0.78453183
1.0591183 -5.2171373 -0.23535943
0.039226532 -4.7856455 -0.66685224
-1.4121575 -4.314926 -0.66685224
-2.628182 -2.1966896 1.1767981
-3.0596747 0.117679596 1.8436501
-3.5303946 -0.19613266 0.9022117
-2.9027681 -1.0983448 0.039226606
-0.86298466 0.39226723 -2.1966896
2.4320488 1.9613285 -0.8237586
3.8049803 4.314926 -0.15690637
4.4718323 3.7265272 2.1966896
3.4911673 2.5105028 2.0005565
1.8828766 2.588955 -0.07845324
-0.03922659 2.275143 1.2552512
0.19613299 2.1966896 0.2745862
1.2552512 1.3337045 0.94143844
2.039783 0.74530536 1.2160246
2.1574628 1.4906107 0.31381273
0.0 1.0198917 -0.74530554
-2.5105023 -1.8828769 -1.4906106
-3.020448 -2.2359161 -1.9221034
-2.941995 -2.353596 -2.1182363
-2.4320493 -2.6281822 -2.6281822
0.8237586 -2.4320493 -1.5298371
2.1966896 -2.706635 11.532619
-3.8442068 -9.061345 1.4513841
-1.2944775 1.0198917 -5.0994577
1.4906106 0.8629856 -0.66685224
0.078453064 -1.6475163 1.9221034
-0.2745862 -1.412159 3.098901
-0.8237586 -1.1375713 0.1569066
-2.3143692 -0.23535919 -5.374044
-2.157463 1.2944775 -5.2563643
1.0591183 3.5696201 -0.117679596
2.157463 4.5502863 0.43149233
2.039783 6.3154826 -0.78453207
-2.2359157 5.0994577 -3.2165809
-1.8044243 1.4121575 1.7651968
0.4314928 1.2160246 2.0790098
3.7657537 -0.3138128 1.4121575
3.6480734 -1.2552512 -0.1961329
0.7060789 -4.2756996 0.43149257
-1.9221033 -3.961886 0.0
-2.0397832 -2.902769 0.117679834
-1.1767979 -4.511058 -2.157463
-2.3143697 -7.413828 -0.86298513
-3.6480732 -8.551397 1.7259703
-1.0983448 1.922102 4.1580195
-0.7060795 6.4331627 3.2165813
1.2160254 5.727083 0.5491724
4.981778 4.393379 -1.8828769
5.0994577 3.2558079 -0.2745862
-4.6287384 3.6480732 -2.353596
-2.19669 -4.8640985 -3.0204482
2.7458625 -2.8635416 7.0215616
4.589512 5.2171383 3.334261
1.059118 0.7845316 0.74530554
-1.4513841 -8.394492 0.47071934
-1.5298376 -5.570177 -1.1375718
-2.0790095 -3.5303936 -3.0989013
-1.8044238 0.0 -3.2558079
-0.74530506 2.745861 -4.9425516
0.35303974 5.0210056 -0.8629854
0.47071838 4.5502853 0.6668525
0.5883994 6.158576 -0.58839893
-2.7458615 5.1386843 -3.569621
-1.2944784 2.9812214 1.5690646
0.90221214 3.0596747 2.4320488
3.3734875 -0.70607877 1.4906108
4.001113 -3.334261 -1.2944777
1.8436502 -3.020448 2.1966896
-1.0198916 -5.1386843 1.372931
-2.039783 -4.3541527 -0.98066497
-1.5298376 -4.079566 -1.4121577
-0.62762547 -4.4326057 -1.1375713
-1.2160244 -6.590069 1.6475172
-1.9221039 -1.7651978 2.4712758
-1.5298367 4.981779 0.9414384
1.4906101 5.570177 0.98066485
3.451941 5.491724 0.78453207
4.2364726 4.6287384 0.23535967
3.2950344 5.060231 1.1767981
2.432049 6.7077484 0.117679596
2.5889556 6.7077484 -2.1182363
1.6867437 0.15690613 -0.19613314
-0.50994587 -7.256921 0.8237586
-1.4513841 -8.943665 -3.412714
-7.7668667 -6.4723887 -7.806093
-8.237585 3.0596743 2.9419951
3.5696201 1.5298376 8.080679
7.8453197 0.15690613 1.2160244
0.0 0.0 3.6873007
4.0403395 3.0596747 0.0
-1.2944779 -4.3933787 -1.3337045
-2.7850885 -6.315482 0.50994587
-3.412714 -7.217695 0.078453064
-3.1773543 -3.8442059 -2.157463
-6.0801234 -1.0198917 -1.4513841
-2.7066345 6.1193485 -10.120462
3.9226599 6.3547096 1.4513841
3.8049798 5.0994577 2.432049
2.9027684 5.805537 -3.020448
-3.5303938 2.432049 -0.74530554
-2.5889554 2.7066352 0.78453207
1.1375713 2.7066352 2.745862
2.8635416 -1.2160244 1.8044235
2.5889554 -2.824315 -3.2558074
1.0198915 -1.3729309 0.58839893
-0.90221167 -2.549729 4.511059
-2.549729 -6.3154826 1.0983448
-3.0989008 -6.825428 -4.785645
-0.27458668 -4.236473 -2.275143
0.9414387 -4.2756996 1.5690641
0.90221167 -2.9027672 2.2751427
1.2552509 3.2950344 1.5690639
-1.2160244 3.8834324 1.3337045
-0.078453064 4.903326 1.4513842
1.6082902 5.334817 -0.15690637
2.9812217 4.3933787 -0.31381297
2.9812217 4.1580195 0.50994587
3.1381278 5.76631 0.31381273
2.2751427 5.374044 0.117679834
2.9812217 -0.90221167 0.039226532
-0.19613266 -5.88399 -1.3337042
-3.2558079 -6.9823346 -6.0408964
-9.335931 -4.354152 -8.982891
-7.2176943 -3.6088476 2.6281815
3.2165813 -0.62762547 16.161358
10.042009 5.3740444 -2.3928223
-0.31381273 5.64863 4.4718323
-2.5105023 -4.079566 0.47071934
-1.2552512 -8.8652115 0.50994587
-1.0983448 -5.0210037 -3.8049803
-2.628182 -0.4707203 -1.7259705
-2.7066355 0.8629856 -2.1966896
-1.9221029 2.3928223 -6.668522
1.8044233 4.589513 1.2944775
3.9226599 5.1386843 -1.8828764
2.9419947 3.9226599 0.98066473
1.0983448 1.2160246 2.2359161
-3.0596747 0.7453053 -1.8436499
0.39226604 2.5889556 1.3337042
1.2552512 1.4513842 2.3143692
0.2745862 -0.5491724 -0.19613302
-1.1375713 -1.3337044 0.9022117
-1.6082907 -4.785645 2.549729
-3.2950344 0.0 -0.4314927
0.0 -6.472389 0.0
-2.588955 -5.1779118 -3.6480737
2.4712753 -2.667408 -0.3922658
2.5105023 -0.78453255 -0.1569066
0.039226532 -2.3535957 0.86298525
0.58839893 -0.43149185 1.7259704
0.23535967 2.6281815 1.4906107
-0.19613314 4.824873 0.117679834
-0.31381273 5.2955904 -1.0983448
0.0 3.8442063 -1.0198916
0.35303974 2.745862 0.66685224
1.8436499 1.5690639 1.372931
2.549729 0.98066497 1.1375713
1.8828768 0.82375854 -0.078453064
-0.6668521 0.7453054 -1.569064
-2.824315 -1.0198915 -2.5889554
-3.3342607 -1.2552512 -0.66685224
-2.07901 -1.5690639 2.745862
3.7657535 -5.2171373 4.0403395
4.903325 -10.9442215 -18.828768
-10.042009 1.412157 24.320492
-4.9425516 6.5116158 -6.080123
-0.3138132 5.0210047 -1.7259703
1.2552509 -4.824872 1.0198915
3.7657537 -8.159132 2.1966898
3.8834333 -1.3729305 -2.3928227
1.2552514 3.2950344 -2.0005565
-0.86298513 2.7066345 -0.9414384
-0.90221214 2.1182365 -0.4707192
0.19613314 2.3928223 -0.03922659
0.706079 2.5889559 0.117679775
0.7060785 2.5889554 0.9414384
1.0591183 2.3928225 1.5690639
1.1375713 1.8436502 0.50994587
0.980665 0.9414384 -0.39226604
0.74530536 0.23535958 -0.31381273
0.8237586 -0.23535958 0.23535943
0.9414383 -0.62762564 0.19613314
0.47071934 -1.7259704 -0.43149257
-0.50994587 -3.2950344 -1.1767981
-2.353596 -3.4127135 1.0983448
-2.8635416 -4.5502863 0.3530395
-2.4320493 -2.824314 -0.7060789
-1.3337045 1.1767969 -2.9812217
-0.58839893 1.0198917 -3.5696206
1.0591183 -1.412158 1.5690641
0.23535967 -1.1767979 0.50994563
0.5491724 0.27458763 -0.15690637
0.8237586 0.6276245 0.23535967
1.3337042 1.0591183 0.86298513
1.3337045 1.412158 0.47071922
0.98066485 1.8436499 0.19613302
0.7453054 2.9419947 0.35303938
0.98066497 3.8442068 0.07845318
-0.23535961 0.0 1.4906108
-1.3337045 8.551399 1.8044236
-0.5491723 2.5105023 -0.3530395
1.2160245 0.78453207 -0.2745862
1.9221034 -3.0596747 0.9022119
0.6668521 -5.0994577 2.1966896
0.0784533 -9.649744 2.039783
-1.4121577 -9.767423 -7.139241
-3.5696206 0.039226532 -0.2745862
-1.059118 5.2171373 5.491724
0.35303926 0.0 0.2745862
-1.6867437 -3.9618864 -2.1966896
-0.50994587 -1.0198917 0.03922677
2.4320493 -0.90221214 -6.158576
-1.372931 -0.3530388 -2.0397832
-4.2364726 2.5497284 0.23535967
-4.1972466 5.2955914 -0.50994587
-2.4712753 9.061344 -3.4911675
-0.23536015 7.923773 0.5491724
2.4712763 1.4121573 3.2558079
6.746975 -3.8049798 2.0397832
6.080123 -3.8834333 -0.39226604
2.628182 -3.9226599 0.2745862
-1.1375713 -5.3348174 0.15690637
-3.6873002 -7.1000147 -2.6674087
-2.824315 -4.0403404 1.4121575
-4.4718323 -0.8237572 4.0795665
-4.589512 2.0397835 2.6281822
-0.8237591 2.2751427 -0.117679834
3.8834333 2.6281815 0.66685224
6.1193495 2.9812212 1.0591183
5.413271 4.079567 0.117679596
2.824315 5.41327 0.31381273
4.2756996 8.237586 -0.8629849
3.7265267 6.4331627 -0.47071934
-1.2160244 0.19613266 0.03922677
-3.412714 -5.64863 -1.5298375
-3.2950344 -4.981778 -3.2558076
-6.9038815 -2.0005565 -0.6668521
-5.1779113 -3.0596745 -8.355266
1.6082907 -7.4530544 17.495064
6.864655 -0.3530388 -4.2364726
2.824315 2.4320488 2.7850885
-1.8436501 -1.5690641 -1.4906111
-1.4906107 -1.9613295 -1.2552509
-1.7259704 -0.98066425 4.275699
-2.5889554 -4.5502872 3.451941
-4.4326057 -6.237028 -5.3740444
-7.6884136 0.6276245 -13.454723
2.9027681 8.355267 0.039226532
6.158576 5.570177 4.314926
2.9812217 6.2762556 -7.335374
-5.8447633 2.4712758 2.7066355
-1.412157 4.6287384 1.2944775
2.7850885 0.70607877 3.0596747
0.0 0.0 -0.62762547
5.0994577 -3.1773543 0.117679596
1.9221032 -3.9226599 1.9613299
-1.0198915 -5.76631 2.0790098
-1.3337045 -3.412714 -0.19613302
-1.2944775 -3.491167 -2.0790095
-0.90221214 -5.2955914 -2.549729
-1.6867437 -6.825428 3.6088471
-2.5497284 0.19613266 4.7464185
-1.0198917 4.1972466 1.1375713
3.1381273 6.472389 -1.0198915
4.6679654 7.178467 0.8237586
4.0011134 5.923217 2.9027684
6.040896 6.825428 0.666852
7.374601 7.9629993 -1.8436499
3.8049793 3.5303946 0.039226532
-4.3541517 -4.9817786 0.47071934
-5.060231 -7.60996 -2.2359164
-8.551399 -9.061344 -10.238142
-9.6105175 -5.060231 -3.0204482
3.3734875 1.0983448 9.257478
6.197803 -0.19613361 6.158576
7.60996 4.236473 1.2552514
-0.15690613 4.275699 -0.50994587
-3.6088471 -3.7265267 -0.9414382
-3.530394 -5.9624434 0.666852
-5.217138 -7.6884127 5.0602317
-2.9027686 -8.355267 -2.2751436
-6.158576 0.90221214 -19.37794
2.745862 9.139797 3.2165809
5.413271 7.806094 2.5105023
0.8237586 9.21825 -4.393379
-5.53095 3.216581 1.6475172
-1.0198917 3.0596747 1.5690641
4.158019 -0.2745862 0.23535967
3.7657537 -3.6088471 0.2745862
0.86298513 -3.2558079 1.1767979
-0.15690613 -1.7651968 3.4911673
-1.5298376 -5.687857 1.9221034
-2.0790095 -5.1779118 -1.7259704
-0.90221214 -5.334816 -5.76631
-0.15690613 -6.001671 0.2745862
0.4314928 -3.334259 6.9038815
0.27458572 5.687855 2.2751427
0.78453255 5.923218 -0.31381273
1.8828764 6.158575 0.3530395
3.4519408 4.2756996 1.8828766
4.785645 6.1978025 0.9414382
4.746418 7.60996 0.0
4.4326057 7.0215607 -2.0005565
0.90221214 -2.9027681 0.6668525
-1.0198917 -7.3746004 -1.7259705
-5.1386843 -7.963 -8.512172
-8.708305 -5.374044 -4.6679654
-3.2950346 1.7259703 2.5497289
-1.2552509 0.0 -2.5497289
0.19613314 -4.236472 0.0
0.98066473 -0.07845402 17.573517
2.9812217 5.4524975 3.8834338
-0.9414382 1.2944784 -6.11935
-0.3138132 -6.668522 -1.4513841
1.0198917 -3.412715 -2.4712758
0.0 -0.8629856 0.6668521
-2.667409 -0.7453041 -0.9022118
-4.236472 1.4513836 -5.64863
0.86298466 5.2955914 1.9221034
1.9613299 5.41327 1.0591182
0.19613314 4.7856455 -4.314926
-0.74530554 3.216581 0.039226532
2.745862 1.4121575 1.7259707
2.353596 -2.1182363 -0.07845354
-2.3143694 -2.1182363 -0.47071886
-1.8828764 -1.4513843 1.6082904
-0.2745862 -3.7657537 3.412714
-0.8629856 -3.8049803 1.0198915
-2.6281815 -5.099457 -2.745862
-1.8044243 -7.2961483 -2.432049
2.2751427 -5.727083 1.6082904
4.314926 4.4326057 2.5497289
2.4320493 6.7077484 1.0983447
1.2944777 5.256364 1.372931
1.3337045 3.412715 0.31381273
1.8828768 4.1972456 -2.7850885
-0.15690643 4.7464185 -1.8828768
0.0 3.726527 0.54917234
2.1966896 1.2552512 0.117679834
1.1375716 -1.6475172 -2.9812217
-4.314926 -5.4524975 -3.6480734
-2.3143692 -8.786758 -3.6873007
-2.0005565 -4.236473 4.824872
-1.2944779 -3.6480732 3.7657533
-4.1580195 6.903881 6.3939357
-1.1767979 11.101128 2.824315
0.117679596 0.4707191 -2.941995
0.745306 -11.101128 1.686744
2.2359161 -8.041453 -3.2558079
1.412157 3.4519405 -0.66685224
-2.5497293 3.412715 -1.0983447
-4.511059 -0.47071934 -1.4906108
1.412158 1.6475172 -0.50994575
4.511059 3.9618864 3.726527
4.001113 4.314926 2.9027681
1.9613299 4.6679654 1.1375713
1.5690639 2.3928225 1.3337045
1.5298374 -0.58839893 1.4513841
1.1767979 -1.3337044 0.8629856
1.0983448 -0.98066497 -0.117679596
1.2944777 -1.4121575 -1.8044238
0.23535967 -2.5105023 -4.118793
-0.666852 -3.530394 -0.66685224
-0.6276257 0.0 -3.9226599
0.0784533 -5.334818 0.0
1.0198913 -8.943665 -9.45361
0.0 0.039226532 0.0
-6.0016694 -6.001669 13.337044
-5.6878567 8.237585 0.03922677
-5.2171383 3.2165813 -0.8237586
-3.255807 0.0 0.39226604
4.7071915 0.7060795 -0.50994587
4.981778 1.0198908 -0.50994575
4.707192 1.7259703 -2.745862
3.7657537 1.8828773 -1.3729309
-0.47071934 1.3729305 1.4513841
-5.3348174 1.9613304 0.6668522
-3.0989015 2.4712753 -0.5491724
-2.3535957 3.648074 -1.0983448
-1.6867437 2.941995 0.86298525
0.58839893 -1.2160245 0.9414384
3.6873002 -3.8442066 -1.6475171
3.8442068 -4.2756996 -2.7066355
2.3143692 -5.334817 1.6475172
-2.0790098 -4.1972466 3.412714
-8.904438 -2.1182365 -1.9613299
-6.746976 1.412157 -5.727083
2.000557 1.1767998 0.078453064
3.491168 3.3734865 2.7850885
3.5303936 3.3734875 1.1767979
4.511059 3.334261 0.50994587
1.96133 2.5497289 0.43149257
-1.0983447 1.765197 1.7259703
1.3729309 2.9812217 1.0198915
4.001113 3.5303938 0.39226604
4.0403395 1.0591183 2.9419947
1.4906106 -0.50994587 -0.98066497
-1.6082902 -1.4513841 1.4513843
-1.8044238 -1.2160246 -0.2745862
-3.491167 -4.707192 -1.2944777
-5.8055367 -14.396162 1.8436501
-8.904438 -15.337601 -6.6292953
4.7071924 7.5315075 -1.6867437
4.5502853 11.258035 2.1966896
1.0591183 4.0403395 4.2364726
-0.23535967 -3.1381283 1.9613299
-1.6475172 -6.7862015 -0.86298513
-3.6088471 -2.2359161 0.0
-4.8640985 2.000557 -5.1386843
-0.666852 2.8635406 -2.667409
3.412714 3.0989017 -0.62762547
3.373488 4.4326057 -1.7259703
-2.6674085 4.7856455 -4.314926
-0.8629856 2.0790098 4.981778
0.8629856 4.864098 0.86298513
2.9027681 -0.98066497 0.78453207
3.4519405 -5.2563643 1.4121575
1.1767979 -6.1193495 0.50994587
-1.4513841 -3.334261 0.98066485
0.0 0.0 -2.5105023
-2.0790095 -3.8442068 0.117679834
-3.8442068 -6.825428 -2.157463
-2.4712763 -7.25692 2.6674087
-1.0983448 2.4320488 5.217138
1.412158 4.3541527 2.353596
3.0204477 4.8640976 1.1375713
4.5110593 5.491724 -0.74530554
4.0795665 4.903325 0.78453207
5.295591 6.4723883 2.1574626
6.8254285 8.394492 0.15690708
6.393935 4.6679654 -0.9414387
-2.07901 -3.1773548 -2.5105023
-6.001669 -5.64863 -4.118793
-9.92433 -5.687857 -7.531507
-10.238143 -2.2751427 3.9226599
-0.9414377 -1.2944779 5.64863
2.824315 -5.570177 4.393379
6.4331617 2.157463 -2.0005565
2.5889556 3.2165813 3.6480742
-0.47071922 -4.0403395 -1.8436508
-0.2745862 -5.413271 -2.2751427
-0.9806649 -6.23703 2.4712758
-3.0204482 -4.9425507 -6.9038815
-6.8254285 1.2160244 -2.1182363
-2.3143692 7.923773 -1.4513843
2.5105028 7.0215616 1.3337045
2.8635416 6.4723887 -0.70607877
-5.570177 4.393379 -6.1978025
-0.27458668 2.7066355 2.9812212
4.4718323 2.3928225 3.8834336
5.687857 -1.4906108 -1.9613302
2.3143692 -3.3734875 -1.4121575
-1.9613299 -3.6873004 4.7464185
-2.4320493 -5.8055363 1.0198915
-0.7845316 -3.8834333 -1.9221033
-0.50994587 -5.4524965 -3.8442068
-1.372931 -6.2762566 0.58839893
-1.6475172 -5.099457 3.7657537
0.15690613 5.0210037 2.157463
0.47071934 5.5309505 1.8044236
3.2950344 5.17791 1.6475172
3.6873002 4.5110598 0.86298513
3.4127142 4.6287384 1.2160244
4.1580195 6.7077484 1.0983448
4.981778 8.1983595 -2.3928223
2.667409 3.6088467 -1.9613302
-1.5690641 -5.962443 -2.3928225
-3.530394 -8.786758 -7.256921
-8.394492 -8.1983595 -5.609404
-7.766866 1.333705 6.3547096
1.7651968 -2.1182365 9.139797
3.0596747 -3.3734875 0.70607877
4.118793 6.511615 4.6679654
-0.03922662 2.4320498 2.7066355
-0.39226598 -7.1000147 3.2165813
-1.4121575 -7.1784678 -3.2950344
-3.6873002 -3.6088467 -8.08068
-4.1972466 -0.745306 -6.1193495
-1.0198908 5.060232 -2.3928225
2.9027677 6.590068 -0.5491724
4.824872 3.8442068 0.3922658
1.0591183 3.8834333 -0.8237586
-5.0210047 2.667409 0.31381273
-1.9613299 4.4326057 1.372931
0.27458572 3.1773543 1.1767981
2.5105023 -3.0204482 -1.5690639
2.471276 -4.197246 0.31381273
1.5298373 -2.0790098 2.3928225
-0.9022118 -3.2558079 2.5497289
-2.9812214 -5.491724 0.117679805
-4.511059 -6.6292944 -2.5105023
-0.58839893 -6.158577 -2.4320493
2.667409 -1.2160244 1.4906108
1.7259698 4.903324 2.8243153
0.706079 5.805538 1.372931
1.0983448 4.3541517 0.47071922
2.0790098 3.334261 1.2552512
2.9812214 3.3734875 0.70607877
3.491167 5.1386847 -1.2160246
1.1767983 5.3348174 -1.8436501
0.35303926 0.43149233 -2.039783
0.31381273 -4.9817777 -0.9414383
-2.1966896 -6.00167 -2.2359161
-6.7862015 -2.4320488 -0.1569066
-4.3541527 3.6873002 6.3154826
0.4314928 -5.8447633 -3.334261
4.2364726 -4.667966 -0.31381273
2.6674087 6.825429 7.4922805
-1.6082906 1.1767979 3.1381273
-1.2944778 -6.237029 2.9419956
0.03922677 -4.824873 -6.5508423
-2.471276 -0.5099449 -3.6088471
-2.0790095 1.2160244 -1.2944777
-3.0204482 1.7259712 -2.824315
-0.39226627 2.000556 -0.31381297
3.2558079 2.157463 -1.1375713
3.373488 2.8635416 -0.7060785
1.4513838 3.3734875 2.9419947
0.50994587 4.785645 0.7060789
0.117679834 3.138128 -0.15690649
0.23535967 -3.6480737 -0.39226592
-1.1767981 -4.6679654 0.9414383
-2.3143694 -4.001113 1.3337045
-2.118236 -4.001113 -0.117679834
-1.9613299 -3.7265272 -1.5298374
-0.666852 -3.2558079 0.54917234
1.2944775 0.19613266 -0.3138128
3.2165809 3.2165813 1.2944777
2.7066355 4.393379 0.74530536
1.6475172 4.5502863 0.5491724
0.5099458 3.2165809 0.70607877
0.35303938 1.2552509 0.94143844
0.0 0.2745862 0.0
0.5099458 1.0198915 0.666852
0.19613299 1.2160246 0.11768007
0.1569064 1.6082906 -1.4513843
-1.0591182 0.82375854 -3.5696206
-4.9425516 -0.35303935 -8.512172
-7.139241 -3.216581 6.472389
2.7850885 -5.3740444 15.416053
12.984004 -8.551398 -22.82988
-2.9812214 -1.412157 18.122688
-7.0607877 -3.0989017 -11.101128
-4.3933797 -1.2944775 2.941995
2.9419956 1.6475163 4.785645
5.6094036 0.6276264 -1.8436503
2.7066355 2.4320488 0.50994587
-0.6276256 2.745862 0.078453064
-2.3928225 2.9419947 -1.4121574
-1.4906108 3.3734875 -0.7453054
0.19613314 2.6281824 -1.2160245
1.7259703 1.9613299 -0.6276256
1.3337044 1.7259705 0.784532
0.23535967 1.255251 1.4906107
-0.47071922 0.8629852 1.6867437
-0.66685224 0.5491724 0.74530554
-0.35303926 -3.138128 -1.6475172
0.86298513 -5.2171383 -0.4314927
1.8436501 -3.412714 1.4906107
2.7850885 -1.6475172 -0.1961329
-0.7453053 -3.0596752 -0.15690637
-3.530394 -2.1574612 -1.6082906
-1.6475171 1.2160244 1.6082906
-0.117679834 2.0397825 -0.47071934
0.039226532 1.6082907 -0.15690637
-0.2745862 1.6867437 -0.5491723
0.23535967 1.333704 -1.8828768
0.078453064 0.62762547 -0.4314926
-0.5491724 1.4906111 0.03922659
-0.8629849 1.6475172 -0.50994575
-1.1375718 1.3337045 -1.0591182
-0.98066473 -0.62762594 -0.43149257
1.372931 -2.5105019 0.31381273
2.4712756 -2.2751427 0.66685224
1.1375715 -2.7850885 -0.98066497
-0.58839905 -2.824316 0.1961329
-0.43149257 -1.6082897 2.2751427
-2.3143692 -0.31381226 0.39226598
-3.6873007 1.0983448 -1.9613299
-2.588955 1.8436489 -0.31381273
1.7651968 2.3143702 1.8044236
3.1773543 2.3928223 0.78453195
2.5105023 4.1187925 0.0
1.4513843 3.92266 0.39226604
0.8237585 3.2950344 -0.47071922
2.0005565 3.8049803 -0.98066497
1.0198915 1.3337045 1.7259704
0.78453207 -3.2165813 1.4906107
0.0 -2.3143692 -1.7259704
-2.4712758 -0.43149257 -6.5116158
-10.159689 -7.884546 7.374601
0.62762547 -8.669079 -6.3154826
5.413271 3.2558079 3.9618866
4.8640985 4.0403395 -0.5491724
0.6668521 0.35303974 0.70607877
-1.2552512 -2.1966896 0.07845321
-1.2552512 -0.8629856 0.98066497
-0.94143844 0.039226532 1.6082906
-3.5696204 -4.589512 4.824872
-1.6475172 -5.413271 -2.9812217
-3.6873002 -2.667408 -1.6867437
-0.3138132 5.3740444 -6.943108
2.5497293 3.6872997 0.0
2.3928223 2.667409 -0.58839893
1.0591183 5.334817 -0.19613314
-1.1375713 5.3740444 -1.7259703
-2.0397835 1.765197 0.74530554
0.35303974 0.5491724 2.745862
4.197246 -1.5690639 0.62762547
3.0596747 -3.5303936 -0.0784533
0.23535961 -4.6287394 -0.58839893
-1.2160246 -1.9613295 1.96133
-0.86298513 -2.7850885 0.39226592
-1.686744 -5.256365 -1.7259703
-1.333704 -5.4524975 -1.4906106
-0.62762594 0.0 2.9027681
-1.1375713 2.8635426 3.5696204
-0.3530388 4.001114 1.2160246
2.3928223 4.3933783 0.50994587
3.2950342 4.6287384 -0.70607877
2.5105023 5.0602317 -0.50994587
1.6475171 5.88399 1.647517
2.039783 5.5309505 0.6668525
3.5696204 1.2552509 -0.47071934
0.1569066 -4.981778 -3.0204482
-3.7657535 -6.8646545 -9.179025
-10.1989155 -5.0210047 -4.4718323
-3.373488 -4.2756996 13.925443
6.393936 0.3138132 5.491724
6.080123 5.177911 -1.4513841
0.58839893 -0.8237581 0.47071886
-2.1966896 -5.3740444 -0.23535919
-1.8828768 -3.0204487 -0.62762594
-2.6281822 -3.8442059 1.9613299
-2.8635418 -3.2165813 0.0
-5.021004 -2.7066364 -8.590625
-2.2359161 4.393379 -4.8640985
2.9027681 6.59007 1.2160249
5.177911 5.0210047 0.90221167
0.0 -0.35303974 0.0
1.9221034 3.9226599 -1.1375713
-4.6679654 3.530394 -2.4712758
-2.000556 3.80498 2.5497289
0.078453064 2.8635416 1.4513841
3.5696201 -2.7850885 -0.9414382
3.8442068 -4.197246 1.6082904
0.47071934 -4.9425516 2.5105023
-1.1767981 -5.491724 -0.15690643
-0.98066497 -3.6088476 -2.9812214
-0.078453064 -2.7066345 -0.31381297
-0.1569066 -4.236473 1.4121578
0.0 -2.745861 1.3337042
-1.5298371 1.9613285 2.745862
-1.5690641 4.981779 0.35303926
1.3337045 6.237029 0.19613314
3.6088471 5.8055363 0.31381273
3.2558076 4.903325 1.3337045
3.5696204 5.2563643 0.31381273
2.1966896 5.295591 -2.0397832
0.8237586 2.1966896 -1.6082904
-1.2552509 -4.9425516 -0.8237586
-1.9221034 -6.590069 -2.275143
-6.0408964 -6.080123 -4.4326057
-5.217138 1.0983453 5.8055367
2.667409 -2.863542 2.2751427
0.62762547 -7.4530544 0.117679834
5.570177 2.1182375 -1.8436501
0.58839905 5.41327 8.551398
-3.4519408 -4.079566 4.236473
-1.6082907 -4.5502863 -1.412158
-1.2552509 -3.8442059 -8.394492
-1.5298376 1.0198917 -1.3337045
0.19613314 2.3535957 -2.5105023
2.0790098 3.2165813 -1.2160246
1.2944777 3.1381273 -2.1966896
-0.039226532 3.6088476 0.31381273
-2.3928227 4.6679654 -1.4906106
-3.1381278 3.4519405 0.62762547
-0.8629856 2.5105023 1.8828769
2.2359166 -1.4121577 -0.23535967
3.5696204 -2.1966896 -1.7651968
1.6082907 -2.5889554 3.412714
-0.7453053 -4.8640985 2.3928225
-2.039783 -5.844763 -0.8237586
-1.0983448 -2.9812212 -2.157463
0.43149233 -2.0397835 -1.4121575
-0.039226532 -4.1187935 1.372931
-0.19613314 -1.1375713 1.0983447
-1.0983448 4.3541527 0.8629852
-0.47071886 4.4718323 1.6082906
1.6082902 3.9618864 1.4121575
3.0989015 4.511059 0.1569066
3.216581 4.550286 0.35303926
2.3143694 5.727083 -0.70607877
0.4707191 4.511059 -0.70607877
0.31381273 0.6668525 -1.1375713
-1.2552512 -6.237029 -0.2745862
-2.628182 -7.6099606 -2.157463
-5.727083 -3.2558079 -1.8828766
-4.7856455 4.393379 3.8442068
3.1773548 -9.061344 -7.1784678
4.079566 -4.6287384 3.0989013
5.5309505 6.2762556 8.943665
-1.4906108 6.237029 2.4712758
-2.039783 -3.8442068 0.666852
-1.3337044 -5.1386843 -1.8828764
-1.4906108 -1.333704 -3.8834333
-2.5889556 1.8436499 -0.50994575
-1.333704 1.2160244 0.117679715
-0.23535967 -0.666852 -2.4712758
0.35303926 0.3530388 -0.98066497
-0.3922658 2.3535967 -1.2552512
0.3922658 2.1182356 -1.1767981
1.4121575 1.8828773 0.50994587
0.86298513 3.412714 0.86298513
1.2552512 2.432049 0.94143844
1.1375713 -0.1961329 -0.98066497
0.3530395 -1.0198915 0.66685224
-0.3530395 -2.0005567 2.5889554
-1.5690639 -3.0204482 0.4314926
-2.628182 -2.2751427 0.03922659
-1.2944775 -2.07901 -0.588399
0.39226532 -2.3143692 0.11767979
0.706079 -2.1966887 -0.07845319
0.74530554 -1.8828773 -0.78453195
1.1375713 0.0 1.0591182
0.47071886 2.745861 1.4513841
0.5883994 4.1187935 0.0784533
0.82375836 3.6480742 -0.7453054
0.117679834 1.9613299 -0.19613302
0.35303926 0.90221167 -0.15690637
1.1767981 0.3922658 -0.3530394
1.6082906 0.6668525 -0.8237586
0.74530536 0.039226532 -0.35303938
-1.4121575 -0.11768007 -2.941995
-2.4712758 -0.078453064 -5.2563643
-2.2359161 -0.1569066 -0.15690613
0.2745862 -2.4712753 1.3729305
1.7259703 -2.157463 0.5883994
3.138128 1.1767979 0.3922658
1.7651969 -2.4712753 -1.412158
2.353596 -5.4524984 -5.060231
-8.198359 2.5889559 9.885103
-12.670191 6.040897 14.906108
1.2552509 5.8055363 -3.8442068
2.5105019 -4.824872 -8.237586
2.6281824 -9.139797 7.531507
5.88399 -2.8635426 -3.883433
4.628739 2.4712753 -1.1375713
0.82375854 2.235917 -0.7060789
-1.8044236 1.0591183 -0.50994575
-1.6475171 1.5690641 0.31381273
-0.8237586 0.86298466 -0.47071916
0.117679834 1.0198917 0.43149263
1.0983448 1.0591183 0.5491724
2.039783 1.1375713 0.94143844
3.4911673 0.1569066 2.0790098
2.6281822 0.62762547 0.47071886
-0.47071934 0.35303926 -0.3922658
-0.31381273 0.706079 -1.0591183
-1.0591183 1.8044233 -0.50994563
-1.9221032 -3.7265267 0.66685224
-2.2359161 -8.002226 -0.94143844
-2.039783 -3.7657537 -5.0210047
0.4707191 4.5502853 -1.4121575
0.70607877 2.4320488 2.3535957
0.35303938 2.5497293 2.9812217
0.0 2.1966896 1.4513841
0.6276256 0.62762547 -1.1767979
0.5491724 -0.58839893 -1.2160246
0.86298513 -2.1182365 -0.8629852
1.0983448 -1.6867437 0.35303938
-0.15690637 -0.35303974 0.2745862
-3.8442068 0.07845402 1.8044235
0.50994575 -2.2751436 0.0784533
1.6082906 1.9613304 -0.94143844
1.2944778 2.5105019 -0.58839893
0.7453053 0.039227486 -0.2745862
-0.43149257 -0.39226627 -0.5491724
-0.70607877 -0.117679596 -0.1176798
-0.70607877 -0.47071934 -0.3138128
-0.588399 0.62762547 0.196133
-0.7453054 0.078453064 0.5491724
0.2745862 0.27458668 1.6867436
-0.0784532 -0.039227486 -0.58839893
0.98066497 -0.5491724 -2.039783
0.35303944 -0.3530388 0.117679805
-0.5099458 -0.4314928 0.03922659
0.784532 0.4314928 2.6674087
0.4707191 0.9022112 -0.19613314
-0.6668521 -0.666852 -0.7453053
-0.43149263 -0.3530388 -1.4121575
-0.117679775 -0.3138132 -0.0784532
0.03922659 -0.117679596 0.47071916
0.23535961 -0.3138132 0.588399
0.19613302 -0.117679596 0.43149257
-0.117679834 0.039226532 0.23535967
-0.15690643 0.039226532 0.23535955
0.19613302 0.0 0.117679715
-0.19613302 0.35303974 -0.117679715
-0.03922659 0.0 0.35303938
-0.78453195 0.5491724 0.0
-0.588399 0.0 0.117679834
-0.23535961 -0.62762547 -0.47071922
0.07845318 -0.35303974 -0.23535955
0.07845324 0.117679596 -0.15690649
0.117679775 0.078453064 0.2745862
0.4707192 0.50994587 0.47071922
0.66685224 0.3138132 0.039226532
-0.23535961 0.74530506 -0.43149257
-1.0591182 0.9414387 -0.4707191
-1.0591182 0.5491724 -0.5099458
-0.66685224 0.43149233 -0.2745862
-0.31381273 -0.5491724 -0.4707192
-0.98066497 -1.1767974 -0.19613299
-0.43149257 -0.23536015 0.39226598
0.62762547 1.4121575 0.5099458
-0.039226532 -0.9414382 -0.5491724
-0.9806652 0.5491724 -0.7453054
1.686744 -3.6480742 1.0983448
-0.39226604 1.7651978 -0.4314926
-0.9414382 1.6082907 0.1569064
0.98066473 0.39226532 1.6475171
-0.5491724 1.3337045 0.9022119
-0.23535967 1.1375713 -0.86298513
0.19613314 -0.47071886 0.90221167
0.39226604 -0.1569066 0.23535967
0.4707191 -0.19613314 0.4707191
0.23535967 0.0 0.47071934
0.4707191 0.03922701 0.666852
-0.43149257 0.5099454 -0.35303926
-1.2160244 0.23535967 -1.4121575
-0.8237586 0.35303926 0.039226532
-0.6668525 -0.3922658 0.039226532
-0.117679596 -0.78453207 -0.078453064
-0.47071934 -1.6867437 -1.0983448
-0.58839893 -0.74530506 -1.96133
0.19613314 0.50994587 -0.392266
-0.1569066 0.666852 0.98066497
-0.5099454 -0.8237591 1.4906108
-0.90221167 -0.9022112 0.98066497
-1.1767979 0.39226532 -0.117679834
0.74530506 0.19613361 -0.39226604
0.50994587 0.5491724 -0.39226604
1.7651968 -1.1375713 0.0
0.31381273 0.0 0.50994587
0.117679596 -0.19613361 0.15690637
-0.039226532 0.35303974 -0.23535967
-0.35303926 0.9806652 -0.6668521
-0.31381273 0.31381226 -0.86298513
-0.3922658 -0.666852 -0.47071922
-0.47071934 -0.47071934 -0.7453054
0.0 0.47071934 -1.4906107
-0.58839893 0.47071934 -2.667409
-0.78453255 0.50994587 -2.2359161
-0.3530388 -0.11768007 -0.7060785
0.0 0.50994587 -0.35303926
0.039226532 -0.15690613 0.3922658
0.117679596 0.039226532 0.3922658
0.39226627 0.43149233 -0.039226532
0.7060785 0.5491724 0.50994587
0.39226627 0.9806652 0.23535967
0.43149233 1.1375713 0.078453064
0.6668525 0.0 -0.2745862
0.5099454 -0.3922658 -0.078453064
0.9414387 -0.3138132 -0.039226532
0.31381273 0.0 0.23535967
0.117679596 0.62762594 -0.39226627
0.35303974 0.23535967 -0.117679596
0.19613266 0.3922658 0.43149233
0.4314928 0.117679834 0.03922701
0.117679596 0.1961329 -0.5491724
0.47071934 0.19613314 0.31381273
0.5491724 0.31381273 0.3922658
0.4707191 0.1961329 -0.2745862
0.5491724 0.2745862 -0.2745862
0.5491724 0.0784533 0.2745862
-0.50994575 0.5491724 0.31381273
-0.7453054 0.5491723 -0.90221167
-1.2944777 0.9022118 -0.74530554
-0.23535967 -0.07845318 -0.15690613
-0.039226532 -0.117679775 -0.19613266
0.1961329 -0.117679834 -0.7060795
0.3530395 0.23535961 -0.31381226
-0.50994587 0.117679775 0.47071934
-0.4707191 0.07845321 0.7845316
-0.23535967 0.2745862 -0.3138132
0.078453064 0.1176798 -0.86298466
-0.039226532 0.0784532 -0.23536015
-0.2745862 -0.1569064 0.78453255
-0.47071934 0.0784532 0.4314928
0.23535967 -0.0392266 -0.27458668
0.0 -0.11767979 -0.39226627
-0.117679596 0.03922659 -0.15690613
0.117679596 -0.19613299 0.078453064
0.6668525 0.23535958 -0.078453064
0.43149233 0.3138128 1.5298376
-0.117679596 -0.3138128 -0.19613314
-0.0784533 -0.07845319 -1.2944779
1.372931 0.07845319 -1.0983448
-0.39226604 -0.07845319 0.3138132
-0.31381273 -0.31381282 0.15690613
0.70607877 -0.23535955 0.27458668
0.9022118 -0.03922659 0.117679596
0.50994575 0.07845318 -0.039226532
0.15690637 0.15690637 0.078453064
-0.47071922 -0.07845318 0.31381226
-0.4707191 -0.03922659 0.23536015
-0.117679834 -0.117679775 -0.117679596
-0.50994575 0.74530536 -1.0983448
0.4707191 -0.19613299 -0.90221214
0.7453054 -1.1375715 0.666852
-0.5491724 -0.1961329 0.35303974
0.50994587 -0.2745862 0.4314928
0.82375854 -0.31381273 0.43149185
0.35303938 0.6668521 0.47071934
0.35303938 0.86298513 -0.9414377
0.1569064 -0.3138128 -0.8237591
0.07845321 -0.39226598 -0.5491724
0.19613296 0.35303938 -0.27458572
0.9414384 0.35303938 0.31381226
0.43149257 -0.3138128 0.90221214
0.31381273 -0.43149263 0.74530506
-0.039226532 -0.70607877 -0.039226532
0.2745862 -0.39226604 0.4314928
-0.039226532 0.43149257 0.98066473
-0.47071934 0.6276257 0.1569066
0.4314928 0.50994575 -1.5690641
0.1961329 0.3138128 -0.666852
0.0 0.19613302 -0.74530506
-0.58839893 -0.19613302 0.0
-0.19613314 -0.23535961 0.117679596
-0.27458608 -0.2745862 -0.5491724
-1.6082906 -1.0983448 0.27458572
-0.35303938 0.5491724 0.62762547
-0.8629852 1.2160246 -1.0591183
0.39226604 0.1569064 -0.39226532
0.35303938 -0.35303938 0.117679596
0.2745862 0.0 0.19613266
0.39226598 -0.07845318 0.50994587
0.47071916 -0.15690643 0.62762547
0.2745862 -0.54917234 0.62762547
-0.70607877 -0.7453053 -0.039226532
-0.70607877 -0.39226604 -0.666852
-0.23535961 0.039226532 -0.39226532
0.1569064 0.70607877 -0.39226627
0.3138128 0.70607877 -0.117679596
0.0784532 0.31381285 0.23535919
-0.0392266 -0.15690643 0.5491724
-0.11767979 -0.588399 0.3138132
-0.117679805 -0.43149257 0.27458572
0.2353596 -0.0784533 0.4314928
0.19613299 0.03922677 0.19613266
0.0 0.15690637 0.15690613
-0.19613299 0.117679715 -0.117679596
-0.3138128 0.15690649 -0.19613266
-0.47071922 0.27458608 -0.27458668
0.0 0.19613302 -0.27458572
-0.03922659 -0.039226532 0.039226532
0.0 0.0 -0.23535919
-0.07845318 0.07845318 0.0
0.0 0.0 -0.07845402
-0.07845318 0.117679775 -0.078453064
-0.19613302 0.15690643 0.078453064
0.117679834 -0.07845324 -0.27458572
0.23535955 -0.27458614 0.0
-0.07845318 -0.03922665 0.31381226
-0.03922665 -0.23535955 0.35303974
0.15690643 -0.23535967 -0.039226532
0.15690643 -0.15690637 0.19613266
0.03922659 -0.039226532 0.07845402
-0.07845318 -0.117679834 0.19613266
-0.03922659 -0.117679834 -0.078453064
0.19613296 -0.039226532 -0.23536015
0.35303938 -0.117679834 -0.078453064
-0.039226606 -0.0784533 0.078453064
-0.03922659 0.0784533 0.11768055
0.0 -0.039226532 0.0
0.1569064 -0.03922677 -0.11768055
0.3138128 0.0 -0.078453064
0.1569064 -0.078453064 0.078453064
0.0 -0.039226532 0.11768055
0.117679805 0.0 0.078453064
0.0 -0.0784533 -0.4314928
0.1569064 0.039226532 -0.50994587
0.0 0.0784533 -0.078453064
-0.07845318 0.15690637 0.31381226
-0.07845321 0.117679834 0.19613361
0.0 0.078453064 -0.15690708
-0.117679805 -0.15690637 -0.43149185
-0.2353596 -0.31381273 -0.039226532
0.3138128 0.2745862 0.39226532
0.15690643 0.47071922 -0.117679596
-0.23535961 0.7453053 -0.7060785
-0.4707192 0.66685224 -1.5298376
-0.19613299 0.1569064 -0.3530388
0.03922659 -0.07845321 0.9022112
0.4314926 -0.1569064 1.6475172
0.0392266 -0.50994575 0.7060785
-0.19613299 -0.3138128 -0.19613266
0.1569064 0.07845318 0.35303974
0.1569064 0.03922665 0.3530388
0.1569064 0.15690637 -0.3530388
0.1569064 0.23535961 -0.50994587
0.03922659 0.31381276 -0.35303974
-0.1569064 0.07845321 -0.15690613
-0.117679805 -0.15690643 0.15690613
