0.0 0.039226532 0.0
0.0 -0.117679834 -0.35303974
-0.23535943 0.2745862 0.19613361
-0.39226604 0.039226532 0.15690613
0.0 -0.117679834 0.23535919
0.039226532 -0.078453064 0.11768055
0.0 -0.117679834 -0.039226532
0.1961329 -0.0784533 -0.11768055
0.0784533 0.03922677 0.11768055
0.23535967 -0.0784533 0.0
0.1961329 0.0 0.0
-0.15690637 0.0 -0.23536015
-0.15690637 0.117679834 -0.078453064
-0.19613314 0.117679834 -0.078453064
-0.15690637 0.039226532 -0.078453064
-0.078453064 0.0784533 0.0
-0.31381285 -0.117679834 0.078453064
-0.15690637 -0.117679834 0.078453064
0.15690637 -0.0784533 0.15690613
0.19613302 -0.078453064 -0.039226532
-0.15690637 -0.117679834 0.15690613
-0.03922665 -0.117679834 0.07845402
-0.07845318 0.0784533 0.0
-0.03922665 -0.03922677 0.039226532
0.0 0.0784533 0.078453064
0.117679834 -0.117679834 -0.117679596
0.117679834 0.039226532 -0.039226532
0.15690637 -0.078453064 0.039226532
-0.117679834 -0.0784533 0.0
-0.039226532 0.0784533 0.0
-0.07845318 0.078453064 0.117679596
-0.15690649 -0.078453064 -0.15690613
-0.117679715 0.078453064 0.0
0.0 0.0 -0.039227486
0.07845318 0.1569066 0.11768055
0.0 0.039226532 0.039226532
-0.07845318 0.078453064 -0.15690708
-0.07845318 0.0784533 -0.19613266
0.15690637 0.1961329 -0.19613266
-0.19613302 -0.039226532 0.15690613
-0.39226598 -0.23535967 0.15690613
0.07845318 -0.2745862 0.11768055
0.07845324 -0.078453064 -0.039227486
0.07845318 -0.117679834 -0.15690613
0.23535955 -0.0784533 -0.078453064
0.117679834 -0.117679596 0.117679596
-0.31381285 0.15690637 0.15690708
-0.35303938 0.078453064 -0.19613361
-0.54917234 0.43149257 0.039226532
0.82375854 0.58839905 -0.23535919
0.117679834 0.47071922 0.3530388
-1.5298374 0.39226598 -0.117679596
-0.03922659 0.2745862 0.15690708
1.6082904 -0.39226598 -0.039227486
1.8436502 -1.2552512 0.19613361
0.0 -0.78453207 1.2160244
-0.0784533 -0.7453053 1.0198917
0.15690637 -0.7453053 0.19613266
0.3530395 -0.706079 0.39226627
0.8629854 -0.19613266 -0.2745862
0.7060785 0.0 -0.90221167
-0.15690613 0.3922658 -0.5491724
-1.1767981 0.117679596 0.23535919
-0.5883992 0.3138132 0.5491724
-0.4707191 0.666852 -0.35303926
0.8237586 0.15690637 0.19613314
1.059118 -0.039226532 0.3922658
1.2944779 -0.15690637 0.039226532
1.5690641 -0.74530554 0.35303974
0.98066473 -0.43149233 0.31381273
-0.98066473 0.35303926 -0.6668525
-0.19613314 0.9414382 -0.23535919
0.5491724 0.117679834 0.74530506
-0.23535967 -0.1961329 0.2745862
-0.3922658 -0.50994587 0.2745862
-0.2745862 0.0 0.39226627
-0.47071934 0.19613314 0.31381273
-0.78453207 0.31381273 -0.31381273
-0.666852 0.5491724 -1.2552514
0.31381273 0.1961329 -0.666852
0.50994587 -0.31381273 -0.4314928
0.43149233 0.0784533 0.0
0.11768007 0.3922658 0.58839893
0.47071886 0.117679834 0.78453207
0.4314928 -0.1961329 1.0198917
0.039226532 -0.039226532 0.3922658
1.0198917 -0.706079 0.11768007
0.4314928 0.6276257 -0.62762594
-0.039226532 0.0 -0.039226532
-0.8237591 1.5298374 0.4314928
-0.5491724 0.74530536 0.58839893
0.1569066 -0.3138128 0.31381273
1.0591178 0.07845318 0.43149257
0.27458668 -0.58839893 0.0
-0.47071934 -0.19613302 -1.3337042
0.31381226 -0.1961329 -1.1767979
0.23536015 0.117679596 -0.78453207
0.39226627 0.31381285 0.43149233
-0.3138132 0.19613302 0.23535967
-0.8237581 -0.35303938 0.31381273
-0.745306 -0.8237585 0.78453207
-0.43149233 -0.3530395 1.0198917
0.0 -0.1961329 0.86298513
-0.19613314 -0.66685224 0.7453053
-0.50994587 -0.666852 -0.50994587
-0.039226532 -0.1569066 -0.39226604
0.35303926 0.078453064 -0.31381273
0.62762594 0.2745862 -0.117679596
0.3922658 0.31381273 -0.5491724
0.0 -0.19613266 -0.6668525
-0.23535967 0.078453064 -0.43149233
-0.47071886 0.2745862 -0.19613314
-0.50994587 0.31381273 -0.31381273
-0.39226627 0.3530395 -0.19613314
-0.19613266 0.31381273 0.0
-0.23535967 0.15690637 -0.19613266
-0.039226532 0.2745862 -0.07845354
-0.1569066 -0.15690637 0.039226532
-0.31381273 -0.0784533 0.11768007
-0.1569066 0.117679834 0.039226532
0.1569066 0.039226532 -0.039226532
0.35303926 -0.43149257 -0.19613314
0.2745862 -0.43149257 -0.23535967
0.50994587 -0.15690637 -0.078453064
0.78453207 0.039226532 -0.039226532
0.47071934 -0.15690637 0.2745862
0.19613266 -0.3530395 -0.2745862
0.19613314 -0.23535919 0.15690613
0.23535919 -0.07845354 0.23535967
0.039226532 0.07845354 0.23535967
-0.039226532 0.0 0.4314928
0.11768055 -0.03922701 0.47071886
0.19613266 -0.039226532 0.1569066
0.117679596 0.2745862 0.23535967
0.078453064 0.2745862 0.15690613
0.19613361 0.19613314 0.2745862
0.3530388 0.1961329 0.11768007
0.35303974 0.0 0.5491724
0.117679596 -0.078453064 0.23535943
0.0 0.0 0.31381273
-0.039226532 0.0 0.6276257
-0.117679596 0.23535943 0.78453183
-0.39226627 0.47071934 0.78453207
-0.23535919 -0.43149257 0.35303938
-0.47071934 -0.5491724 0.03922659
-0.62762547 -0.15690637 -0.03922659
-0.62762594 0.15690637 0.03922659
-0.15690613 -0.0784533 0.117679834
0.47071886 -0.3922658 -0.5099458
0.9806652 -0.47071934 -0.58839893
1.0983448 0.19613314 0.117679715
0.62762547 0.9414382 1.372931
-0.31381226 0.2745862 1.6082906
-0.23536015 0.0 -0.19613302
-0.039226532 -0.62762547 -0.15690637
0.15690613 -0.23535967 0.0
-0.078453064 0.4707191 -0.19613302
0.039226532 0.3530395 -0.23535958
0.117679596 0.50994563 0.1569064
-0.078453064 0.03922677 -0.117679775
-0.27458572 -0.3530395 0.23535955
-0.23536015 -0.15690637 0.0
0.35303974 0.0 0.117679834
-0.078453064 0.117679834 0.39226598
-0.3138132 -0.2745862 -0.15690637
-0.31381226 0.3530395 -0.19613302
0.039226532 0.43149257 -0.19613302
0.50994587 0.70607877 0.23535961
0.4314928 0.117679715 0.43149263
-0.15690708 -0.03922665 0.23535955
-0.3530388 0.23535967 0.19613302
-0.15690708 0.6668521 -0.117679834
-0.15690613 -0.117679715 -0.35303938
-0.39226627 0.0 -0.43149257
0.39226627 -0.6276256 -0.7453054
0.58839893 -0.9022118 -0.2353596
-0.35303974 -0.2745862 1.0198916
0.07845402 0.86298513 0.784532
0.58839893 -0.98066497 -0.03922665
0.078453064 0.15690637 -0.6276256
-0.27458668 -0.31381273 -0.43149257
-0.19613266 -0.1961329 -0.3138128
-0.078453064 0.078453064 -0.0784532
0.15690613 -0.39226604 0.0
-0.19613266 -0.1961329 0.50994575
0.039226532 -0.47071934 -0.03922659
-0.078453064 -0.078453064 -0.27458617
-0.50994587 -0.35303926 0.07845321
-0.27458668 -0.039226532 0.35303938
0.4314928 0.117679596 -0.8237586
0.39226627 -0.1569066 -0.23535958
0.5491724 -0.078453064 0.03922659
0.31381226 0.6668525 0.0392266
-0.50994587 0.15690613 -0.19613299
-0.47071838 0.9022119 1.3337045
0.0 -0.6276257 -0.19613302
-0.3138132 -0.5491724 0.15690637
-0.666852 -0.98066473 -0.03922659
-0.78453207 0.2745862 -0.39226598
0.8237586 1.3729308 -0.117679805
0.0 0.3530395 0.35303935
-0.62762594 0.0 0.03922665
-0.23535919 0.117679596 0.07845318
1.0983443 -0.117679596 -0.03922659
0.8237591 0.117679596 0.23535961
-0.117679596 -0.1961329 0.07845318
-0.9414387 0.0 0.07845318
-1.0591183 0.50994587 0.117679834
-0.6668525 0.3922658 0.43149257
1.4513841 1.3729311 -1.2552512
0.23536015 -1.6867439 -0.8629852
-0.039226532 -1.647517 0.0
0.039226532 -0.6668525 0.4314926
-0.19613361 0.039226532 0.9414384
-1.0198913 0.4314928 0.9806651
0.35303926 -1.6867437 -1.9221034
-0.2745862 0.039226532 -0.9414384
0.19613314 -0.78453207 -0.19613302
0.6668525 -1.3729305 -0.39226592
-0.35303974 -1.412158 0.23535955
-0.5491724 -0.9414387 0.8237586
0.0 0.90221214 0.9414384
-1.0198913 2.2359161 0.9022117
0.43149233 0.50994587 0.58839905
0.35303926 -0.666852 -1.1375713
0.07845354 0.35303926 -0.70607877
0.35303926 0.8237586 0.11767979
-0.4314928 0.47071934 0.19613302
-1.7259703 0.98066473 -0.392266
0.1569066 -0.86298513 -0.39226598
0.35303926 -0.9806652 -0.2353596
0.2745862 -0.58839893 0.19613299
0.2745862 0.2745862 0.5491724
-0.19613314 1.8828769 0.0
-0.19613266 -0.039226532 -0.196133
-0.1569066 -0.39226627 -1.4906107
0.31381273 -0.58839893 0.74530536
0.6668525 -0.90221167 1.8044236
0.43149233 -1.5298371 0.23535967
0.39226627 -1.5690641 -0.35303938
-0.90221214 0.74530506 -0.07845324
-1.5690637 2.2751431 -0.6276256
-2.1182365 4.275699 0.07845318
1.3337045 -2.039783 -1.4513841
0.58839893 -2.6674085 -0.03922665
-1.1375713 -0.90221214 0.8237586
-1.2160246 0.666852 -0.19613299
-1.3729309 -0.7845316 0.35303938
-0.784532 -0.7060785 0.3138128
-0.35303938 0.5099449 0.31381282
-0.1569064 0.66685295 -0.66685224
0.9022118 0.90221167 -4.001113
1.0198916 -1.2944779 -2.2359161
0.90221167 -5.7663097 5.491724
2.3143692 -0.50994587 2.0005565
-0.5491724 3.334261 0.23535955
-0.039226532 3.2165804 -0.588399
-0.4707191 1.1375718 -0.9414383
0.1961329 1.1375713 0.5491724
-1.059118 0.62762547 -0.5491724
0.0 -1.2552509 -0.392266
0.3530395 -1.3337045 -0.2745862
-0.74530554 -0.078453064 -0.27458614
-0.78453195 -0.117679596 -0.43149257
-0.86298513 -0.27458668 -0.8237586
-0.70607877 -0.47071934 0.86298513
-0.1569064 -0.43149185 0.5491724
0.23535961 -0.27458668 -0.19613302
0.47071916 0.39226627 0.07845318
0.0 0.15690613 -0.50994575
2.5105023 -3.2950344 -0.39226592
1.765197 -0.86298466 0.39226592
-1.765197 1.8436499 -0.07845318
-2.039783 0.7845316 -0.23535967
-0.07845318 0.19613361 0.0
0.07845318 -0.3138132 0.117679834
0.58839905 1.4513845 -0.43149257
2.235916 1.1375713 1.4906108
-0.54917216 -0.039226532 1.0591182
-0.50994587 -0.11768055 -0.5491724
-0.2745862 0.39226627 -0.35303938
-0.2745862 -0.15690613 0.5491724
0.1569066 1.7651968 -1.0591182
1.8828766 0.0 1.6475172
0.078453064 -1.9221029 0.5491724
-1.4513841 -0.47071934 -0.7060788
-1.4906107 0.31381226 -2.3143694
-0.9022118 0.11768055 -1.9221034
0.7453054 -0.7060795 -1.2944775
0.35303938 -0.7060785 0.666852
-0.6276256 -0.4314928 2.0005565
-0.9022118 -0.039226532 1.569064
0.19613299 0.117679596 0.3138128
0.78453195 0.0 -0.35303938
0.117679834 -0.7845316 -0.3138128
-0.39226604 -0.27458668 0.47071922
-0.117679775 1.1767988 0.27458614
2.1966896 2.000556 0.07845321
0.98066473 0.31381273 1.4906107
0.11768007 -0.35303926 0.0
-0.2745862 -0.47071934 -0.039226532
-0.70607877 -0.50994587 -0.03922665
-0.5491724 0.039226532 -0.2745862
-0.43149257 -0.19613266 -0.9022118
-0.39226604 -0.117679596 -0.2745862
0.15690637 0.078453064 0.3138128
0.31381273 0.23535919 -0.117679805
0.50994587 0.19613361 -0.2745862
0.43149257 -0.078453064 -0.86298513
0.1961329 -0.23536015 -0.31381285
-0.54917216 -0.078453064 -0.039226532
-0.117679834 0.23535919 0.43149257
0.039226532 -0.19613266 0.23535955
0.50994587 -0.666852 0.43149263
0.15690637 -0.90221214 0.6276256
-0.0784533 0.23536015 1.0198916
-0.15690637 0.078453064 0.7453054
0.23535967 0.7060785 1.0198916
-1.2160246 0.9806652 -0.6276257
-0.78453195 0.47071934 -1.6867437
-0.117679834 -0.078453064 -0.3138128
0.19613302 0.0 0.6668522
0.35303938 0.39226532 0.47071922
0.117679715 -0.27458572 -0.19613302
-0.7453053 -0.58839893 -0.2745862
-1.1375713 -0.117679596 0.43149257
0.0 0.0 0.6276256
-0.6276256 -0.15690708 -0.15690637
0.19613302 -0.39226532 0.3530395
0.3138128 -0.745306 0.078453064
-0.588399 -0.27458572 -0.117679834
-0.15690637 0.27458572 0.43149257
0.43149257 0.23536015 -0.078453064
0.4707192 0.3530388 -0.50994587
0.58839893 0.58839893 -0.4707191
0.47071916 1.2160254 0.07845318
0.35303938 0.9022112 0.50994575
0.0784533 0.1569066 0.6276257
-0.58839905 -0.4314928 0.23535943
-0.6276256 -0.627625 -0.31381273
-0.9022118 -0.7060795 -0.66685224
-1.0591182 -0.62762547 -0.7453053
-0.78453207 -0.4314928 0.039226532
0.86298525 -0.74530506 1.8828769
5.8055367 -4.667965 6.197803
3.5696201 1.3729305 -0.039227486
-2.7458615 5.805537 -8.786757
-2.7458622 2.3143687 -3.7657535
-0.58839893 -2.4712758 1.6475171
2.5105026 -2.4712753 2.8635416
-1.2944779 0.5491724 -1.8828766
-1.6082906 0.8237581 0.35303938
0.2745862 0.47071934 1.1767979
0.78453195 -0.23535919 0.15690643
0.15690637 -0.27458668 -0.35303938
0.50994587 0.15690613 -0.23535961
0.50994563 0.15690708 0.0
-0.58839893 -0.3138132 0.39226598
-1.0983448 -0.078453064 0.15690643
-0.9414383 0.19613266 0.43149257
-0.6668522 0.11768055 0.23535955
0.35303938 -0.039226532 0.43149257
1.0983448 0.7845316 0.6276257
0.6276257 1.5690641 0.1961329
0.43149257 1.3729305 0.23535967
-0.19613314 1.2160249 -0.31381273
-1.4513841 -0.74530554 0.039226532
-0.74530536 -1.6475172 2.9027681
0.6276255 -1.3337045 1.7651973
-0.15690637 0.19613314 -3.7657537
-1.0983448 1.1767979 1.4906111
-0.1569064 -0.078453064 2.5497289
0.4314926 -0.5491724 -1.8044238
1.4121575 -0.43149233 2.118236
1.4513843 0.0 1.1767988
0.1961329 0.19613266 0.078453064
-1.5690639 -0.078453064 0.62762547
-0.980665 0.74530554 1.0198917
0.43149263 1.2944775 0.23535919
0.6668521 1.0198917 -0.078453064
-0.039226532 0.117679596 -0.15690613
0.0 0.0 -0.90221214
-0.8629852 -0.8237586 -0.50994587
-0.07845324 0.19613314 -0.15690613
0.39226604 0.47071934 -0.47071934
0.31381273 0.15690613 -0.117679596
0.19613302 0.2745862 -0.117679596
0.07845318 -0.31381273 -0.07845402
0.03922665 -0.078453064 -0.31381226
-0.31381285 -0.078453064 0.19613266
-0.07845318 -0.23535967 0.19613361
-0.15690637 -0.1569066 0.15690613
-0.3138128 0.07845354 0.3530388
-0.2745862 0.47071886 0.4314928
-0.117679775 0.39226627 0.0
-0.19613302 0.117679596 -0.23535919
0.03922659 0.117679834 -0.3138132
0.07845321 0.117679834 -0.39226532
0.1569064 0.23535967 -0.27458668
0.19613302 -0.117679834 0.15690613
0.39226592 -0.3530395 0.47071934
0.15690649 -1.1375713 1.1375713
-0.07845318 0.078453064 0.4314928
0.0 0.50994587 -0.47071934
0.039226532 0.11768007 -0.9022112
-0.07845318 0.039226532 -0.745306
-0.23535955 0.0 -0.19613266
-0.15690643 0.19613266 0.39226627
0.117679775 0.03922701 0.666852
0.15690637 -0.07845354 0.47071934
-0.15690637 -0.039226532 -0.23536015
-0.19613302 -0.078453064 -0.4314928
-0.117679775 -0.039226532 -0.23535919
0.0 0.0 -0.15690613
0.07845318 -0.11768007 0.31381226
-0.03922659 0.11768007 0.15690708
0.117679834 0.15690613 0.039226532
-0.03922665 -0.078453064 -0.23536015
0.03922665 0.0 -0.078453064
-0.117679834 -0.078453064 0.0
-0.03922659 -0.11768007 0.078453064
-0.03922659 -0.15690613 0.039226532
0.0 0.117679596 0.117679596
-0.117679775 0.19613314 0.0
0.0 0.0 -0.117679596
0.07845318 -0.11768007 0.0
0.19613296 0.1569066 0.039226532
0.19613302 0.117679596 0.11768055
0.07845318 -0.078453064 -0.039227486
0.0 0.0 -0.15690613
0.0 -0.078453064 -0.039226532
-0.039226532 0.078453064 0.0
0.0 0.039226532 0.117679596
0.0 -0.078453064 0.039226532
-0.07845324 0.039226532 0.19613361
0.0 0.0 -0.117679596
0.0 -0.117679596 0.0
-0.117679775 0.0 0.0
0.117679775 -0.039226532 -0.07845402
0.03922659 0.078453064 0.0
0.0 -0.23535967 0.11768055
0.0 0.0 -0.15690708
0.0 0.039226532 0.039226532
-0.07845318 0.078453064 0.0
0.0 0.1569066 0.0
0.0 0.078453064 0.0
-0.03922659 0.039226532 -0.078453064
-0.03922659 -0.078453064 0.039226532
0.0 0.0 -0.117679596
-0.117679834 -0.19613314 0.0
-0.03922659 0.07845354 0.078453064
0.0 -0.039226532 0.0
0.117679775 -0.07845354 -0.039226532
0.07845324 0.11768007 0.039226532
0.0 0.078453064 0.078453064
-0.03922659 0.039226532 0.0
0.15690637 -0.039226532 0.0
-0.117679775 0.078453064 0.0
-0.07845324 -0.078453064 0.0
0.03922665 0.0 0.0
0.0 -0.078453064 0.0
0.03922659 0.039226532 -0.078453064
0.117679775 -0.039226532 0.0
-0.117679775 -0.039226532 0.078453064
-0.117679834 -0.07845354 -0.039226532
0.07845324 0.11768007 0.0
0.0 -0.039226532 -0.039226532
-0.03922665 0.117679596 0.0
-0.03922659 -0.117679596 0.0
0.07845324 0.0 0.15690708
-0.03922665 0.078453064 -0.15690708
0.0 -0.039226532 0.078453064
0.03922665 0.0 0.039226532
0.15690637 -0.039226532 -0.078453064
0.0 0.117679596 0.0
-0.03922659 0.039226532 0.039226532
-0.03922659 -0.117679596 -0.039226532
-0.03922659 -0.039226532 -0.039226532
-0.03922659 0.117679596 0.0
0.07845318 0.0 -0.039226532
0.0 0.039226532 -0.039226532
-0.03922659 -0.117679596 0.19613266
0.117679775 0.039226532 -0.078453064
0.0 -0.039226532 -0.039226532
-0.117679775 0.117679596 -0.039226532
0.03922659 -0.078453064 -0.039226532
-0.03922659 0.039226532 0.078453064
-0.07845324 -0.039226532 0.0
-0.03922659 -0.039226532 0.039226532
0.07845324 -0.039226532 0.039226532
0.07845318 -0.03922701 0.0
-0.07845318 -0.039226532 0.0
-0.03922665 0.11768007 0.07845402
0.07845324 0.0 -0.11768055
-0.03922659 0.15690613 0.039226532
0.03922659 -0.078453064 0.039226532
0.0 0.0 -0.039226532
-0.03922659 -0.117679596 0.039226532
0.03922659 -0.03922701 -0.039226532
-0.03922659 0.03922701 -0.15690613
0.03922659 0.078453064 0.078453064
-0.03922659 0.0 0.039226532
0.03922659 -0.078453064 0.039226532
-0.07845324 0.039226532 -0.039226532
-0.03922659 0.117679596 0.11768055
-0.03922659 -0.039226532 0.039226532
-0.03922659 -0.078453064 -0.11768055
0.07845318 0.039226532 -0.039226532
0.0 -0.078453064 0.0
0.07845324 0.0 0.039226532
0.03922659 0.039226532 0.15690708
-0.07845324 0.0 -0.11768055
0.03922665 0.0 -0.039226532
-0.03922665 -0.039226532 -0.117679596
-0.117679775 0.0 0.117679596
0.15690643 -0.03922701 0.0
0.03922659 -0.039226532 -0.039226532
-0.07845324 0.1569066 -0.039226532
0.03922665 -0.039226532 0.0
0.07845318 0.078453064 0.0
0.03922659 0.0 0.078453064
0.0 -0.039226532 -0.039226532
-0.03922659 -0.078453064 0.0
0.03922659 0.0 -0.039226532
-0.117679775 0.0 0.0
-0.117679834 0.039226532 0.0
-0.07845318 -0.039226532 0.078453064
0.117679775 0.0 -0.039226532
0.0 -0.03922701 -0.117679596
0.07845324 0.07845354 0.0
0.0 0.039226532 0.039226532
0.07845318 0.117679596 0.0
0.0 -0.039226532 0.117679596
0.0 0.039226532 0.0
0.07845318 -0.039226532 -0.039226532
-0.117679775 -0.117679596 0.0
0.03922659 -0.07845354 0.0
0.0 0.07845354 -0.039226532
-0.117679834 0.078453064 0.039226532
-0.07845318 -0.039226532 0.0
0.07845318 0.078453064 -0.039226532
0.117679834 -0.039226532 0.039226532
-0.03922659 0.0 0.0
-0.117679834 -0.078453064 -0.039226532
0.0 0.0 0.039226532
0.0 0.0 -0.117679596
0.117679834 0.039226532 0.078453064
0.0 -0.039226532 0.0
-0.07845324 0.0 0.078453064
-0.03922659 0.078453064 -0.039226532
0.03922659 -0.039226532 0.15690708
-0.03922659 0.078453064 -0.15690708
0.0 -0.078453064 0.0
0.117679834 0.039226532 0.039226532
-0.07845324 -0.039226532 0.039226532
0.0 0.0 0.039227486
0.07845324 0.039226532 -0.07845402
-0.03922659 0.0 -0.039226532
0.07845318 -0.039226532 -0.039226532
0.117679834 0.0 0.117679596
-0.15690643 0.039226532 0.0
-0.117679834 0.039226532 -0.039226532
0.03922659 -0.039226532 -0.15690613
0.0 -0.039226532 0.039226532
0.03922665 0.0 0.0
0.0 -0.11768007 0.117679596
-0.03922665 0.0 0.0
0.0 0.03922701 -0.039226532
0.0 -0.03922701 0.039226532
0.03922665 0.11768007 0.0
-0.03922665 -0.039226532 0.0
0.15690643 0.039226532 -0.039226532
-0.03922659 0.0 0.11768055
-0.03922659 0.0 -0.07845402
0.03922659 -0.078453064 0.0
0.03922659 0.0 0.0
-0.15690643 0.039226532 0.0
-0.07845318 0.039226532 0.11768055
-0.07845318 0.0 -0.15690708
0.07845318 -0.078453064 -0.039226532
0.07845318 0.117679596 0.0
-0.03922659 -0.117679596 0.078453064
0.07845324 0.0 0.0
-0.03922665 0.039226532 0.039226532
0.0 0.039226532 0.0
-0.03922659 -0.039226532 -0.039226532
0.03922659 0.0 0.0
0.03922665 0.039226532 -0.117679596
0.03922659 0.039226532 0.039226532
-0.07845324 -0.078453064 -0.039226532
0.03922665 -0.07845354 0.039226532
0.07845318 0.1569066 0.039226532
0.0 -0.117679596 -0.039226532
0.0 0.078453064 0.0
0.0 -0.078453064 0.039226532
-0.07845318 0.078453064 -0.039226532
0.0 0.0 0.15690708
0.03922659 -0.078453064 0.0
-0.07845324 0.039226532 0.078453064
0.03922665 0.0 0.039226532
-0.03922665 0.078453064 -0.19613361
0.0 -0.039226532 0.07845402
0.03922665 -0.078453064 0.0
0.117679775 -0.07845354 -0.07845402
-0.07845318 0.0 0.039226532
-0.03922659 0.039226532 0.0
0.0 0.03922701 0.0
-0.03922665 -0.03922701 -0.039226532
0.0 0.07845354 -0.039226532
0.03922665 0.0 0.0
0.03922659 0.0 -0.078453064
-0.03922659 0.117679596 0.039226532
-0.03922665 -0.078453064 0.078453064
0.0 -0.039226532 0.0
0.07845324 0.078453064 0.0
-0.03922659 -0.039226532 0.0
0.07845318 0.0 0.039226532
-0.03922659 -0.078453064 -0.039226532
-0.07845324 0.0 -0.039226532
0.0 0.039226532 0.078453064
-0.03922659 -0.07845354 -0.039226532
0.0 -0.078453064 0.0
-0.03922659 0.039226532 0.039226532
-0.03922659 0.0 -0.039226532
0.07845318 0.039226532 -0.039226532
0.03922659 0.03922701 0.078453064
0.07845324 0.039226532 0.039227486
-0.07845324 -0.039226532 -0.039227486
0.03922665 -0.03922701 -0.039226532
0.03922659 -0.039226532 0.039226532
0.03922659 0.07845354 -0.039226532
-0.07845318 0.039226532 -0.078453064
0.07845318 0.0 -0.117679596
-0.03922659 0.039226532 0.15690613
-0.03922659 0.0 0.0
0.07845318 0.078453064 0.0
0.0 0.0 -0.039226532
0.0 -0.117679596 0.0
-0.03922659 0.039226532 0.117679596
-0.03922659 0.039226532 -0.117679596
0.117679775 0.039226532 0.039226532
-0.07845318 0.0 0.0
0.03922659 -0.039226532 0.0
-0.03922659 -0.078453064 0.0
-0.07845324 0.039226532 0.0
0.0 -0.039226532 0.039226532
-0.03922659 0.039226532 0.0
0.07845324 -0.039226532 -0.078453064
0.0 0.078453064 -0.039226532
0.0 -0.039226532 0.117679596
0.0 -0.1569066 0.0
0.07845318 0.039226532 -0.039226532
0.0 0.19613314 0.039226532
0.0 0.0 -0.039226532
-0.03922659 -0.078453064 0.039226532
0.07845318 0.0 0.039226532
0.03922659 0.0 0.0
-0.07845318 0.0 -0.039226532
0.0 0.0 -0.039226532
-0.03922659 0.0 0.0
-0.03922659 -0.039226532 -0.078453064
0.07845318 -0.039226532 0.078453064
-0.117679834 0.0 -0.078453064
-0.03922659 0.0 0.078453064
0.117679834 0.0 0.078453064
0.0 -0.03922701 0.07845402
0.07845318 0.03922701 -0.07845402
-0.07845318 0.0 -0.039226532
-0.03922659 0.0 0.0
0.03922659 0.0 0.039226532
-0.07845324 -0.07845354 0.07845402
-0.03922659 -0.078453064 -0.039226532
0.03922659 0.117679596 0.039226532
0.03922665 0.03922701 -0.11768055
-0.03922665 0.0 0.07845402
0.03922665 0.078453064 -0.15690708
0.0 -0.078453064 0.039226532
0.0 0.039226532 0.039226532
0.03922659 0.078453064 -0.039226532
-0.03922659 0.0 0.0
0.117679775 0.0 -0.039226532
-0.19613302 0.039226532 0.039226532
0.07845324 -0.039226532 -0.078453064
0.03922659 -0.039226532 0.0
-0.07845324 -0.078453064 0.039226532
0.03922665 -0.03922701 0.039226532
0.0 0.07845354 0.0
0.03922659 0.0 0.039226532
-0.03922659 -0.039226532 0.039226532
0.07845318 -0.03922701 -0.039226532
-0.07845318 0.0 -0.039226532
0.03922659 0.03922701 0.039226532
-0.117679834 -0.03922701 0.039226532
-0.03922659 0.03922701 -0.078453064
0.19613302 -0.03922701 0.078453064
0.0 -0.039226532 -0.078453064
0.03922659 0.039226532 -0.078453064
0.0 0.19613314 0.039226532
0.0 -0.078453064 0.117679596
-0.07845318 -0.078453064 -0.117679596
0.117679775 0.039226532 0.0
0.0 -0.19613314 0.0
-0.07845318 -0.039226532 0.15690708
-0.15690643 0.15690613 -0.07845402
0.07845324 0.23535967 -0.039226532
0.117679775 0.039226532 0.039226532
0.07845324 -0.078453064 0.07845402
0.039226532 -0.078453064 -0.11768055
0.07845318 -0.078453064 0.039226532
0.07845318 -0.07845354 0.19613361
0.117679834 -0.078453064 0.039226532
-0.15690637 0.0 0.0
-0.35303938 0.19613314 -0.35303974
-0.23535961 0.2745862 -0.4314928
0.03922659 0.039226532 0.07845402
0.3138128 0.0 0.27458572
0.35303944 0.039226532 0.23535919
0.4707191 0.039226532 0.47071934
0.19613302 0.23535967 0.15690708
-0.39226604 0.2745862 -0.47071934
-0.5491723 -0.62762547 -0.666852
-0.31381285 -0.62762594 0.0
-0.19613296 -0.117679596 0.47071838
0.03922659 0.5491724 0.15690708
0.117679775 0.23535967 -0.039226532
0.35303944 -0.31381273 -0.15690708
0.35303938 -0.11768007 -0.078453064
-0.23535967 0.31381273 0.039226532
-0.35303938 0.1569066 -0.039226532
-0.07845318 -0.078453064 -0.23535919
0.19613302 -0.23535967 -0.078453064
0.117679834 -0.1569066 0.15690613
0.07845318 0.1569066 0.31381226
-0.07845318 0.078453064 0.07845402
-0.117679834 0.19613314 -0.19613361
0.07845318 -0.078453064 0.15690708
-0.39226598 0.117679596 1.5298367
-0.4314926 0.5491724 2.2359161
0.19613299 0.23535967 -1.3729305
0.3138128 0.078453064 -0.8629856
0.784532 -0.15690637 -0.19613266
0.7453054 -0.3530395 -0.039226532
0.39226604 -0.15690637 0.0
0.15690637 -0.039226532 -0.47071934
-0.19613314 -0.5883992 -0.5491724
-0.23535943 -1.8436499 -0.4314928
-0.31381297 -1.372931 -0.3530388
0.3530395 -0.23535967 -0.35303974
0.66685224 0.62762547 -0.74530554
0.2745862 0.2745862 -0.47071886
-0.23535967 -0.15690613 -0.5491724
-0.5491724 -0.19613314 -0.9414387
-0.5491724 -0.039226532 -0.47071886
-0.23535955 0.078453064 -0.4314928
-0.117679834 0.039226532 -0.98066497
0.23535955 -0.078453064 -0.31381273
0.117679834 0.23535967 -0.66685224
-0.039226532 0.15690613 -0.50994587
-0.6276256 0.0 -0.039226532
0.31381273 -0.078453064 0.0
-0.39226604 -0.35303926 0.039226532
-0.78453195 -0.23535967 0.43149257
-0.5099458 -0.23535967 0.43149257
0.1176798 -0.27458572 -0.039226532
2.0397832 -0.39226627 -0.66685224
2.1182363 -0.8237591 -0.98066485
0.4314928 -0.7060785 -0.39226604
-1.098345 -0.19613266 0.117679834
-1.0983448 0.50994587 -0.9414384
-0.58839893 0.039226532 -0.8237586
-0.039226532 0.15690613 -0.23535961
-0.03922665 0.15690613 -0.15690637
-0.19613302 -0.078453064 0.19613302
-0.1961329 -0.19613266 -0.03922665
-0.03922665 -0.15690613 0.23535961
-0.07845318 -0.19613361 0.392266
0.117679834 0.15690613 0.11767979
0.70607877 0.3138132 -0.196133
0.4707191 -0.039226532 -0.39226598
-0.15690637 0.039226532 -0.03922659
-0.15690637 0.0 -0.03922659
-0.117679834 -0.078453064 -0.03922659
-0.23535955 -0.039226532 0.117679775
-0.07845318 -0.039226532 0.07845318
0.117679834 0.15690613 -0.07845318
0.2745862 -0.078453064 0.0
0.0 0.078453064 0.07845318
-0.117679834 0.039226532 -0.03922659
0.1961329 -0.078453064 -0.03922659
0.0 -0.117679596 -0.07845318
0.0 0.0 0.31381276
-0.1961329 -0.039226532 -0.27458617
-0.2745862 -0.27458668 -0.15690643
-0.39226604 0.078453064 0.03922659
0.07845318 0.50994587 -0.23535955
0.47071922 0.078453064 -0.117679834
0.2745862 0.11768055 0.117679834
-0.23535967 -0.07845402 0.19613296
-0.039226532 -0.19613266 0.392266
-0.039226532 -0.117679596 0.4314926
-0.0784533 -0.19613266 0.1176798
0.23535967 0.0 0.11767979
0.31381273 0.15690613 -0.23535958
0.039226532 -0.078453064 -0.2745862
-0.5491723 0.0 -0.19613302
-0.15690637 0.117679596 -0.117679775
0.15690637 0.078453064 -0.15690637
0.0 -0.19613266 0.0
-0.07845318 0.0 0.117679775
0.07845318 0.0 0.0
0.0 0.117679596 0.03922659
0.19613302 0.039226532 0.1569064
0.2745862 0.039226532 0.2353596
0.0 0.0 0.1176798
-0.19613314 -0.3138132 -0.4314926
-0.70607865 0.07845402 -0.07845318
-0.07845318 0.27458572 0.07845318
0.35303938 0.0 -0.117679775
0.31381285 0.078453064 0.15690637
0.039226532 -0.078453064 0.2745862
-0.0784533 -0.117679596 0.1569064
0.19613314 -0.078453064 0.19613299
0.15690637 0.0 0.0392266
-0.2745862 -0.19613361 -0.35303938
0.039226532 0.07845402 0.0
0.15690637 0.15690613 -0.2745862
-0.43149257 -0.078453064 -0.70607877
-0.39226592 0.117679596 0.15690637
0.31381273 0.15690613 0.43149263
0.7060789 -0.039226532 0.3138128
0.1961329 -0.117679596 0.392266
-0.43149257 -0.19613266 0.0
-0.23535967 0.039226532 -0.35303938
0.2745862 0.23535919 -0.2353596
-0.1961329 0.117679596 0.1569064
-0.23535967 0.0 -0.117679805
-0.07845318 -0.039226532 -0.1569064
0.19613302 -0.15690613 0.4707192
0.0 -0.078453064 0.1569064
0.117679834 -0.078453064 -0.0784532
0.0 0.039226532 -0.1176798
0.0 0.117679596 -0.1569064
-0.0784533 0.039226532 0.03922659
0.15690637 0.117679596 0.35303938
-0.078453064 -0.15690613 -0.2353596
-0.31381285 -0.117679596 -0.19613299
0.0 0.039226532 0.0
0.117679834 0.117679596 -0.15690643
0.117679715 0.039226532 -0.07845318
-0.039226532 0.039226532 0.117679805
0.0 -0.078453064 0.0
0.039226532 -0.117679596 0.07845321
-0.039226532 -0.078453064 0.117679775
0.0784533 0.0 0.23535961
0.117679596 0.039226532 -0.1176798
-0.35303926 0.0 -0.3138128
-0.23535967 0.15690613 -0.117679805
0.2745862 0.078453064 -0.03922659
0.23535967 0.0 0.03922659
-0.23535967 -0.117679596 0.1569064
0.0 -0.078453064 0.3138128
0.2745862 -0.039226532 0.0784532
0.2745862 0.039226532 0.1176798
0.117679834 0.0 -0.0392266
-0.31381273 0.039226532 -0.39226598
-0.15690637 0.078453064 -0.19613302
-0.03922677 0.0 0.07845321
0.0 0.0 -0.1569064
0.03922677 0.0 0.0
0.078453064 -0.078453064 -0.03922659
-0.039226532 0.0 0.07845318
-0.23535967 -0.039226532 0.03922659
-0.07845318 0.0 0.0
-0.07845318 0.0 0.117679805
0.15690637 0.039226532 -0.03922659
0.19613314 0.039226532 0.07845321
0.039226532 0.039226532 0.07845318
0.0 -0.078453064 0.0784532
-0.0784533 0.039226532 0.19613299
0.0784533 -0.039226532 -0.0392266
0.039226532 0.0 0.0
0.0 0.0 0.1176798
0.117679834 0.117679596 0.0784532
0.039226532 0.0 -0.1176798
-0.117679834 0.039226532 -0.19613299
-0.117679596 -0.117679596 -0.039226606
-0.0784533 0.039226532 -0.15690638
0.0 -0.117679596 -0.03922662
-0.117679834 0.0 0.0
0.0 0.0 -0.07845321
0.23535967 0.078453064 0.03922662
0.23535967 0.078453064 0.03922659
-0.1569066 0.0 0.0
-0.15690637 -0.039226532 0.03922662
0.117679834 -0.078453064 0.0
0.0784533 0.0 0.0
-0.0784533 0.0 0.0
-0.078453064 0.078453064 0.03922659
0.0 -0.078453064 0.19613299
-0.03922677 0.0 -0.117679805
0.0784533 -0.039226532 0.039226606
0.0 0.117679596 0.0
0.078453064 0.0 0.039226606
0.0784533 -0.078453064 0.1569064
-0.039226532 0.039226532 0.0784532
-0.03922677 0.039226532 -0.0392266
0.0 -0.078453064 0.1176798
-0.039226532 0.0 -0.1176798
0.039226532 0.078453064 0.0784532
0.23535967 0.078453064 -0.0784532
-0.117679834 -0.117679596 0.0392266
-0.1961329 -0.23536015 0.19613299
0.15690637 0.11768055 0.0784532
0.0 0.039226532 -0.35303938
-0.66685224 -0.078453064 -0.392266
-0.31381273 0.078453064 0.0
0.07845318 0.27458572 -0.117679805
0.2745862 0.0 -0.23535955
0.2745862 0.0 -0.07845324
0.23535955 -0.039226532 0.392266
0.50994587 0.0 0.3138128
0.39226604 0.0 0.2353596
-0.23535967 -0.117679596 0.3138128
0.0 0.0 0.3138128
-0.39226604 -0.15690613 0.0
0.039226532 -0.078453064 0.117679834
0.3530395 0.039226532 -0.117679834
0.039226532 -0.23536015 -0.5491724
-0.5491724 0.117679596 -0.4707192
-0.6668521 0.15690708 -0.1569064
-0.15690637 0.19613266 -0.31381276
0.039226532 0.23535919 -0.39226604
0.07845318 0.0 0.3138128
0.2745862 -0.15690613 0.392266
0.58839893 -0.039226532 0.2745862
0.23535967 0.039226532 0.43149257
-0.078453064 -0.15690613 0.39226598
0.039226532 -0.117679596 0.35303938
0.1961329 -0.11768055 -0.15690637
-0.039226532 0.15690708 -0.23535961
-0.43149257 0.27458572 -0.2745862
-0.31381273 -0.039226532 -0.2353596
0.0 -0.039226532 -0.19613299
0.15690637 0.039226532 -0.0392266
-0.0784533 -0.078453064 -0.03922659
0.039226532 -0.117679596 0.3138128
0.2745862 -0.039226532 0.07845319
-0.039226532 0.039226532 0.117679805
-0.117679834 -0.039226532 0.07845318
-0.078453064 0.0 -0.07845318
0.0 0.078453064 -0.1569064
0.0 0.078453064 -0.0392266
-0.03922677 0.0 0.1176798
0.0784533 -0.078453064 -0.1569064
-0.039226532 0.078453064 -0.0392266
0.0 -0.039226532 0.1176798
-0.03922677 -0.078453064 0.0
-0.117679596 -0.039226532 0.0
0.039226532 -0.078453064 -0.1569064
0.039226532 0.039226532 -0.0784532
-0.078453064 0.0 0.0784532
0.078453064 0.078453064 -0.0784532
0.039226532 0.039226532 -0.0784532
-0.117679596 -0.117679596 0.0784532
0.078453064 0.078453064 -0.0392266
0.039226532 0.117679596 0.1569064
0.19613314 0.0 0.0392266
-0.039226532 -0.039226532 0.0
0.039226532 0.0 0.0392266
-0.0784533 0.0 -0.0784532
-0.117679834 0.0 -0.0392266
0.117679834 0.039226532 -0.0784532
0.0784533 -0.039226532 0.0392266
-0.15690637 0.039226532 0.0392266
0.039226532 0.039226532 0.0
0.0 -0.078453064 -0.0392266
-0.117679834 -0.117679596 0.0392266
0.039226532 0.0 0.0
0.0 0.0 0.0392266
0.0784533 0.039226532 0.0392266
-0.039226532 0.078453064 0.0
-0.03922677 -0.039226532 -0.0392266
-0.039226532 0.0 0.1176798
-0.039226532 0.078453064 -0.0784532
0.078453064 -0.039226532 0.0
-0.039226532 -0.078453064 0.0784532
-0.117679834 0.0 0.0
0.03922677 -0.039226532 -0.0784532
0.078453064 0.0 -0.0784532
0.039226532 0.039226532 0.1176798
0.0784533 0.039226532 0.0392266
-0.039226532 0.0 -0.0784532
-0.0784533 -0.039226532 0.0392266
0.0 0.039226532 0.0
-0.039226532 0.0 0.0392266
0.039226532 0.039226532 -0.0392266
0.0 -0.039226532 0.0
-0.039226532 -0.078453064 -0.0392266
0.0 0.078453064 0.0392266
0.0 0.039226532 0.1569064
0.0 -0.039226532 0.117679775
0.078453064 -0.078453064 -0.07845318
0.0784533 0.039226532 -0.03922659
0.039226532 0.0 -0.07845321
-0.078453064 0.0 0.1569064
-0.0784533 -0.039226532 -0.07845318
0.0 0.039226532 0.03922659
0.0784533 0.039226532 0.07845318
0.0 0.0 -0.03922659
-0.117679834 0.078453064 0.07845321
0.0 -0.117679596 -0.07845321
0.039226532 -0.039226532 -0.03922659
-0.039226532 0.039226532 0.1569064
0.039226532 -0.039226532 -0.2745862
-0.039226532 0.039226532 0.117679805
0.1961329 0.0 0.03922659
0.0 0.0 -0.07845318
-0.15690637 -0.039226532 -0.039226606
0.0 0.039226532 0.0
0.039226532 0.039226532 0.0784532
0.03922677 0.0 -0.03922659
0.0 0.039226532 0.07845318
-0.117679834 -0.039226532 -0.07845318
0.039226532 0.0 -0.039226606
-0.078453064 0.039226532 -0.039226606
0.0 -0.039226532 0.117679805
0.0 -0.078453064 0.03922659
0.0 0.078453064 0.117679805
0.039226532 -0.078453064 0.0
-0.0784533 0.0 -0.07845321
0.0784533 0.039226532 -0.03922659
0.0 0.0 0.07845321
0.117679834 0.039226532 -0.1569064
-0.03922677 0.0 0.117679775
0.0 0.039226532 0.0
0.03922677 -0.039226532 -0.15690638
0.039226532 -0.039226532 -0.19613299
0.039226532 -0.039226532 0.0
0.03922677 0.078453064 -0.0392266
-0.117679834 0.0 0.0392266
-0.117679834 -0.039226532 0.1176798
0.0 -0.117679596 0.03922659
-0.039226532 0.15690613 -0.11767979
0.15690637 0.19613266 -0.1176798
0.31381273 0.078453064 0.0
0.23535967 -0.117679596 0.2745862
-0.0784533 -0.23535919 0.6276256
-0.078453064 0.117679596 0.39226598
-0.74530554 0.47071934 -0.39226598
-0.78453195 0.19613266 0.0
-0.50994575 0.35303974 0.9414384
0.5491724 0.4314928 -0.03922665
0.35303938 -0.039226532 0.0
-0.47071922 0.3530388 0.6276256
-0.35303938 0.39226627 1.3337045
0.66685224 -0.23535967 -0.31381297
1.6475171 -0.47071886 -1.1375713
0.9022119 -0.50994587 0.3530395
-0.39226604 -0.35303974 1.8436501
0.15690637 -0.35303974 -0.35303926
-0.66685224 0.58839893 -0.11768007
-1.2944777 1.0591187 2.9419951
-1.0983448 0.90221167 -0.11768007
-1.0198916 0.4314928 0.1569066
-0.117679805 -0.11768007 1.1375718
1.2944777 0.31381273 0.039226532
0.7453054 0.19613314 0.31381226
-0.15690637 0.039226532 -0.039226532
-0.23535967 0.35303926 0.4314928
-0.117679775 -0.039226532 0.35303974
-0.07845318 -0.35303926 0.039226532
-0.23535961 -0.1569066 0.039226532
-0.39226598 0.31381273 0.23535919
-0.2745862 0.706079 0.58839893
0.1176798 0.31381273 0.35303974
0.0784532 0.0 -0.039226532
0.78453195 0.78453207 -0.19613361
0.43149263 0.1961329 -0.31381226
0.15690637 -0.15690637 -0.35303974
0.0 -0.117679596 -0.15690613
-0.31381285 -0.2745862 -0.039226532
-0.1961329 -0.19613314 -0.15690613
-0.03922665 0.078453064 -0.07845402
-0.117679775 -0.039226532 -0.15690613
0.15690643 0.1569066 0.27458668
0.117679715 0.117679596 0.078453064
-0.15690637 0.0 0.27458572
-0.15690637 0.2745862 0.23536015
-0.07845324 0.19613314 -0.19613361
-0.07845318 -0.117679834 -0.15690613
-0.117679775 0.0 -0.117679596
-0.07845321 -0.03922677 -0.039226532
0.0 -0.2745862 -0.23536015
0.117679805 -0.23535967 -0.039226532
0.07845318 -0.039226532 -0.117679596
-0.03922659 0.11768007 -0.078453064
0.07845318 0.039226532 0.15690613
0.0 -0.11768007 0.27458668
0.0 0.11768007 -0.11768055
-0.03922659 0.039226532 -0.078453064
-0.07845318 0.039226532 -0.078453064
-0.117679805 -0.039226532 0.039226532
0.03922662 0.039226532 0.117679596
0.03922659 0.0 0.0
0.07845318 0.078453064 -0.078453064
0.03922659 -0.078453064 0.0
0.07845318 -0.078453064 -0.117679596
0.0 -0.039226532 0.078453064
-0.07845318 -0.07845354 0.039226532
-0.03922659 0.11768007 0.0
0.03922659 0.039226532 0.078453064
0.07845318 -0.117679596 -0.039226532
-0.15690637 -0.03922701 -0.078453064
0.03922659 -0.039226532 0.0
0.07845318 -0.039226532 0.0
0.03922659 0.039226532 0.078453064
0.03922659 0.039226532 -0.117679596
0.03922665 0.07845354 0.0
0.07845318 -0.039226532 0.039226532
0.07845318 -0.03922701 0.15690708
-0.07845318 0.0 -0.11768055
-0.03922659 0.03922701 -0.039226532
-0.03922659 -0.07845354 0.078453064
0.0 0.039226532 -0.039226532
0.03922659 0.03922701 0.0
-0.15690643 0.039226532 0.039226532
-0.03922659 0.078453064 -0.039226532
0.07845318 -0.078453064 -0.078453064
-0.03922659 0.039226532 0.0
-0.03922659 -0.039226532 0.078453064
0.0 0.0 0.039226532
0.03922659 -0.039226532 -0.039226532
-0.03922659 0.0 0.0
0.03922659 0.039226532 0.0
0.07845318 0.039226532 0.0
-0.03922659 -0.039226532 0.0
0.0 0.039226532 0.039226532
0.19613302 -0.11768007 0.039226532
-0.03922659 0.0 0.039227486
-0.07845318 0.11768007 -0.15690708
0.0 0.0 0.15690708
0.117679775 0.0 0.0
0.0 0.039226532 0.0
-0.03922659 -0.039226532 0.039226532
0.0 -0.039226532 0.0
-0.07845318 0.039226532 -0.07845402
0.0 -0.11768007 -0.078453064
0.0 -0.078453064 -0.078453064
0.03922659 0.039226532 -0.039226532
0.0 0.0 0.078453064
-0.03922659 0.0 0.078453064
0.0 0.039226532 -0.117679596
-0.03922665 0.03922701 0.039226532
0.03922665 0.0 0.039226532
0.0 -0.03922701 -0.078453064
0.0 0.03922701 0.039226532
0.03922659 0.0 0.078453064
0.0 -0.07845354 0.0
0.03922659 -0.039226532 0.0
-0.07845318 0.1569066 -0.078453064
-0.07845324 -0.039226532 -0.078453064
-0.03922659 0.0 0.078453064
0.03922659 0.0 0.039226532
0.03922659 0.0 -0.039226532
-0.03922659 0.078453064 -0.078453064
0.0 -0.078453064 0.15690613
0.0 -0.11768007 0.0
0.0 0.039226532 0.0
0.117679834 0.0 0.039226532
-0.03922659 0.0 -0.039226532
-0.03922665 0.11768007 0.0
-0.03922659 0.078453064 -0.078453064
0.03922659 -0.039226532 0.0
-0.07845318 -0.078453064 0.0
0.03922659 0.078453064 0.078453064
0.03922659 -0.078453064 0.0
0.03922665 0.0 0.0
0.117679775 -0.03922701 0.0
-0.03922659 0.0 -0.039226532
-0.117679834 0.03922701 -0.039226532
0.03922665 -0.07845354 0.078453064
-0.03922665 0.039226532 0.0
0.0 0.0 -0.078453064
0.03922665 -0.039226532 0.117679596
0.0 0.039226532 -0.039226532
0.03922659 0.11768007 0.039226532
-0.07845324 -0.078453064 -0.078453064
0.07845324 0.0 0.078453064
0.07845318 -0.03922701 -0.039226532
-0.117679775 0.03922701 -0.039226532
-0.03922665 0.078453064 -0.039226532
0.07845324 -0.078453064 0.039226532
-0.117679834 0.039226532 0.039226532
0.0 0.078453064 -0.039226532
0.07845324 0.039226532 0.039226532
0.0 0.039226532 0.0
0.03922659 -0.078453064 -0.078453064
-0.03922659 0.0 0.078453064
0.0 -0.078453064 0.0
0.03922659 0.0 0.07845402
0.03922659 0.039226532 0.0
-0.03922659 0.0 0.0
-0.03922659 -0.11768007 0.0
-0.03922665 0.03922701 0.0
-0.03922659 -0.03922701 -0.07845402
-0.03922659 0.03922701 -0.039226532
0.03922659 0.039226532 0.078453064
0.03922659 0.0 0.07845402
0.0 -0.039226532 -0.039226532
-0.03922659 0.039226532 -0.07845402
0.07845324 -0.039226532 0.0
-0.03922665 0.039226532 -0.078453064
-0.07845318 0.039226532 0.0
0.03922659 -0.078453064 0.039226532
0.07845324 0.039226532 0.078453064
-0.03922665 0.0 -0.039226532
0.0 -0.039226532 0.0
-0.03922659 0.039226532 -0.039226532
0.07845324 0.078453064 0.0
0.0 -0.078453064 -0.039226532
0.0 0.078453064 0.0
0.0 0.0 0.078453064
0.07845318 -0.039226532 -0.039226532
0.03922659 -0.039226532 0.0
-0.07845318 0.039226532 -0.039226532
-0.07845324 0.0 0.039226532
0.07845324 -0.078453064 0.0
0.0 -0.03922701 0.0
-0.03922659 0.03922701 -0.039226532
0.07845318 -0.03922701 0.078453064
-0.03922659 0.03922701 0.0
0.0 -0.03922701 -0.039226532
-0.117679834 0.03922701 0.039226532
0.0 0.039226532 0.039226532
0.117679834 0.117679596 0.0
-0.07845324 -0.15690613 0.0
0.0 0.0 -0.039226532
-0.03922659 -0.07845354 -0.078453064
0.03922659 0.07845354 0.039226532
0.03922665 -0.11768007 0.039226532
0.0 0.1569066 0.0
-0.03922665 0.039226532 -0.039226532
0.0 -0.11768007 0.078453064
-0.07845318 0.07845354 -0.039226532
0.0 0.039226532 0.039226532
0.07845318 -0.11768007 -0.039226532
0.15690643 0.0 0.0
-0.07845318 0.07845354 0.039226532
-0.07845324 0.039226532 -0.039226532
0.0 -0.039226532 -0.078453064
0.0 0.078453064 -0.039226532
0.03922665 -0.078453064 0.078453064
0.03922659 0.039226532 0.039226532
-0.07845324 0.0 -0.039226532
0.117679834 -0.078453064 0.039226532
0.03922659 -0.03922701 0.039226532
-0.03922659 -0.117679596 0.039227486
-0.117679834 0.039226532 -0.039227486
-0.07845318 0.0 -0.039226532
0.03922659 0.0 -0.039226532
0.0 0.0 -0.039226532
-0.03922659 0.078453064 0.0
0.03922659 0.0 0.039226532
0.15690643 0.03922701 0.039226532
-0.03922659 0.0 0.0
0.0 -0.03922701 0.15690708
0.0 -0.039226532 -0.15690708
0.03922659 -0.117679596 0.039226532
-0.07845318 0.078453064 -0.15690613
-0.07845324 -0.31381273 0.15690613
0.0 0.117679596 -0.19613266
0.27458626 0.35303974 -0.23535919
0.07845318 0.23535967 0.078453064
-0.15690643 0.0 0.078453064
-0.19613302 0.0 0.15690613
0.0 0.078453064 0.15690708
-0.07845318 0.0 0.0
-0.03922659 -0.039226532 -0.11768055
0.07845318 0.15690613 0.0
0.35303938 0.0 -0.078453064
0.19613302 -0.039226532 -0.23535919
0.43149257 -0.31381273 -0.3138132
0.7453053 -0.117679596 0.9414387
-1.1767979 1.72597 5.923216
-1.0983448 0.6276257 -0.15690613
-0.3138128 0.43149257 -2.000556
-0.0784532 -0.2745862 0.31381226
1.0983448 -0.5491724 1.2160244
-0.15690643 -1.3337042 -2.667408
-0.5491724 -2.9419951 -1.9613304
-0.2353596 -3.3734875 -2.6674085
0.82375854 -1.9613295 -2.1966896
1.1375713 -0.039227486 -1.4121578
0.5491723 0.50994587 -1.2552512
1.0198917 2.7850885 -0.35303926
0.078453064 3.1773548 -0.39226604
-0.8237586 2.1182365 -0.03922665
-1.255251 -0.39226604 -0.7453053
-1.176798 -1.8828766 -1.1375715
-1.5298374 -0.706079 1.0591182
-0.58839893 1.8044238 1.6475172
2.0790098 -0.23535967 0.3922658
1.8828768 -0.9806652 -0.15690637
1.7259705 -0.86298513 -1.3337044
0.78453207 -1.2160244 -3.0596747
-0.4314928 -1.7259703 -1.4121575
-2.9812217 -4.1972466 1.7651969
-2.0005565 1.0591183 1.3729309
0.54917234 2.07901 -0.1569064
1.6475171 1.1767979 -0.2353596
1.0198915 0.5491724 -0.2745862
-0.86298513 0.078453064 0.392266
-1.2552512 -0.23535919 0.1569064
-0.0784532 -0.35303974 -0.23535958
1.0983448 -0.39226627 -0.4314926
1.0198916 -0.23535919 -0.23535961
0.078453064 0.039226532 0.19613302
-0.50994563 0.23535919 0.43149257
-0.4314927 0.11768055 0.0
-0.50994575 0.117679596 0.1569064
-0.15690637 0.31381226 0.0392266
-0.117679834 0.15690708 -0.2745862
-0.19613296 -0.39226627 -0.3138128
0.03922659 -0.47071934 -0.117679775
0.2745862 -0.039226532 -0.03922659
0.6276256 0.27458668 0.23535955
0.58839905 0.39226532 0.07845321
0.5491724 0.27458668 0.2353596
-0.117679834 -0.5491724 0.1569064
-0.78453207 -0.4314928 0.3138128
-0.78453195 0.0 0.0784532
0.23535955 0.0 -0.2745862
0.9022119 0.23535919 -0.0392266
0.50994563 0.07845402 -0.4314926
-0.35303926 0.0 -0.07845321
-0.6276257 0.078453064 0.07845321
-0.39226592 -0.11768055 0.196133
0.0 0.039227486 0.039226606
0.31381273 0.117679596 0.1569064
0.39226604 0.078453064 0.0
0.39226592 0.078453064 0.0784532
0.03922677 0.039226532 -0.23535958
-0.23535967 -0.15690613 -0.039226606
-0.31381285 -0.078453064 0.0784532
0.0 -0.039226532 -0.19613299
0.03922665 -0.039226532 0.03922659
0.039226532 0.0 0.0
-0.039226532 0.078453064 -0.03922659
0.039226532 0.078453064 0.0
0.0784533 0.078453064 -0.07845321
0.039226532 -0.078453064 -0.1569064
-0.039226532 0.117679596 0.0
0.039226532 -0.039226532 0.07845318
0.039226532 -0.15690613 0.117679834
-0.078453064 0.078453064 0.117679775
0.0 -0.039226532 0.039226606
0.0 0.039226532 -0.196133
0.1961329 0.0 0.07845321
0.0 0.0 -0.03922659
-0.039226532 0.0 0.0
0.0 -0.039226532 -0.07845321
-0.15690637 0.078453064 0.07845321
-0.03922665 -0.039226532 -0.15690643
-0.07845318 0.039226532 -0.03922659
0.07845318 -0.039226532 -0.15690637
-0.07845318 0.039226532 0.03922659
0.039226532 0.0 0.03922659
0.19613314 -0.039226532 0.03922659
-0.117679834 0.0 0.07845318
0.078453064 0.117679596 0.117679805
0.117679834 -0.039226532 0.0
-0.039226532 -0.117679596 -0.07845321
-0.19613302 0.039226532 0.15690643
0.0 0.078453064 0.0
0.19613302 -0.039226532 0.0
0.0 -0.078453064 0.0
-0.15690637 0.078453064 0.07845318
0.0 0.039226532 -0.03922659
-0.117679834 -0.117679596 -0.03922659
0.0 0.039226532 0.03922659
0.15690637 -0.078453064 -0.03922659
0.039226532 0.078453064 -0.23535961
0.0 -0.078453064 0.117679805
-0.039226532 -0.078453064 -0.117679805
-0.07845318 0.039226532 -0.03922659
-0.15690637 0.0 -0.07845318
0.07845318 0.039226532 -0.03922659
0.15690637 0.039226532 -0.117679834
0.039226532 -0.117679596 0.07845324
0.15690637 0.039226532 0.19613296
0.1569066 0.19613266 -0.07845318
0.039226532 -0.117679596 -0.19613302
-0.2745862 0.039226532 0.0
-0.23535967 0.117679596 0.19613302
-0.35303938 0.15690613 0.07845318
0.07845318 0.5491724 -0.117679775
-0.039226532 0.58839893 -0.19613302
0.117679834 0.5883994 0.3138128
0.15690637 0.23535967 0.70607877
-0.58839905 -0.07845354 0.588399
-0.6668521 -0.078453064 -0.50994575
-0.23535961 0.31381273 -0.6668522
0.07845318 1.9613299 0.6276256
-0.3138128 2.275143 7.1784673
1.176798 0.66685224 4.4718323
0.117679834 -0.31381297 -6.2762556
0.039226532 -0.039226532 2.824315
2.0790098 -2.941995 0.078453064
1.6082904 -1.8828769 1.2160244
0.706079 1.2944779 7.1784678
-4.236473 3.726527 4.4718323
1.7259705 -1.1375716 -6.6292953
3.4519405 -3.4519405 -5.41327
-3.2558076 1.3337045 -0.07845402
-2.8635416 3.491167 -0.039226532
-0.07845318 1.4513843 0.11768055
1.2552512 -1.4513843 -0.39226627
0.58839893 -1.5690639 -1.1375713
-0.117679834 -0.23535943 -1.372931
-0.43149257 -0.19613314 0.58839893
-0.07845318 0.117679596 2.863542
1.2552513 0.82375884 2.745861
0.58839893 -0.98066497 -0.9414377
-0.8237586 -0.31381273 -2.4712763
-0.3530395 0.86298513 -1.0198908
-0.2745862 0.43149257 0.117679596
-0.35303926 0.117679834 0.666852
-0.03922665 -0.1569066 0.27458572
0.31381285 -0.35303926 0.07845402
0.23535967 -0.31381273 0.3530388
0.078453064 -0.11768007 -0.039226532
-0.2745862 0.03922701 -0.31381226
-0.23535955 0.0 -0.39226627
0.03922665 0.0 -0.19613266
0.15690637 0.039226532 0.117679596
0.078453064 -0.07845354 0.117679596
0.0 0.0 0.15690613
-0.078453064 -0.039226532 0.078453064
-0.15690637 0.039226532 0.039226532
-0.117679834 0.0 -0.117679596
-0.03922665 0.07845354 -0.117679596
0.07845318 -0.039226532 0.078453064
0.0 0.078453064 0.15690613
0.03922665 0.117679596 -0.078453064
0.03922665 0.0 -0.039226532
0.039226532 -0.117679596 0.0
-0.07845318 0.078453064 -0.078453064
0.03922665 -0.039226532 -0.039226532
0.078453064 0.0 0.039226532
0.0 0.078453064 0.039226532
0.117679834 0.0 -0.039226532
-0.039226532 0.0 0.039226532
0.117679834 -0.039226532 0.078453064
-0.03922677 0.0 0.0
0.0 0.0 -0.039226532
0.0 0.0 -0.039226532
-0.039226532 -0.039226532 -0.039226532
-0.1961329 0.0 0.039226532
0.078453064 0.078453064 0.078453064
-0.039226532 -0.117679596 -0.039226532
0.039226532 0.039226532 0.078453064
0.03922677 0.078453064 0.039226532
-0.117679834 0.0 -0.117679596
0.078453064 0.03922677 -0.078453064
-0.039226532 -0.0784533 0.039226532
0.0 0.039226532 0.078453064
-0.039226532 -0.039226532 -0.039226532
0.039226532 0.0 0.039226532
0.0 -0.078453064 0.0
0.15690637 0.117679596 0.0
0.117679834 0.0 0.0
0.0 -0.039226532 0.0
-0.039226532 -0.039226532 0.0
-0.03922677 0.0 0.039226532
-0.1961329 0.039226532 -0.078453064
0.039226532 -0.039226532 0.0
0.117679834 -0.078453064 0.0
-0.078453064 0.039226532 0.0
-0.0784533 0.078453064 -0.078453064
0.117679834 0.039226532 0.117679596
-0.0784533 0.0784533 0.039226532
-0.078453064 -0.0784533 -0.039226532
0.23535943 -0.078453064 0.0
-0.117679596 0.039226532 -0.078453064
0.078453064 0.0784533 0.0
-0.078453064 -0.0784533 -0.039226532
-0.03922677 -0.039226532 -0.039226532
0.117679834 0.039226532 0.15690613
-0.039226532 0.039226532 -0.117679596
-0.039226532 -0.078453064 0.078453064
-0.03922677 0.0 0.039226532
0.03922677 0.078453064 -0.117679596
0.039226532 0.0784533 -0.078453064
0.039226532 0.0 0.117679596
0.039226532 -0.0784533 -0.039226532
-0.117679596 -0.078453064 0.117679596
-0.03922677 0.15690637 0.15690708
0.03922677 0.117679834 -0.11768055
0.039226532 0.078453064 0.0
0.078453064 0.0 -0.078453064
0.0 0.0 0.039226532
-0.117679596 0.19613314 0.0
-0.03922677 -0.117679834 0.0
-0.039226532 -0.0784533 0.039226532
0.0 -0.039226532 0.0
0.039226532 -0.039226532 0.0
-0.078453064 -0.039226532 0.039226532
0.15690637 -0.1569066 -0.15690613
0.15690637 -0.19613266 0.0
-0.117679834 -0.03922701 0.039226532
-0.039226532 0.03922701 -0.039226532
0.117679834 0.078453064 1.1375713
-0.0784533 0.31381273 1.6082907
-0.7453053 0.86298513 1.2944775
-0.23535967 0.70607877 -1.1767979
-0.31381273 0.39226604 -0.39226532
0.9414383 -0.5491724 -0.15690708
0.9022118 -0.70607877 0.0
0.0 -0.4707191 -0.98066425
-0.98066497 -1.0983448 -0.7060795
-0.98066497 -2.3143692 -0.58839893
-0.5491724 -1.8044233 -0.58839893
0.70607877 -0.23536015 -0.666852
1.0983448 0.47071934 -0.62762547
0.66685224 0.3138132 -0.74530554
-0.19613314 0.039226532 -0.62762547
-0.86298513 0.07845259 -0.706079
-0.9414383 0.39226627 -1.1767979
-0.6276256 0.43149233 -0.86298513
-0.1176798 -0.35303926 -0.66685224
0.50994575 -0.15690613 -0.50994575
1.3337045 1.2944775 -0.58839893
1.176798 1.0591183 -0.50994587
0.31381273 0.5491724 0.35303938
-0.2745862 -0.86298513 0.86298513
-0.58839893 -1.9221034 0.3530395
-1.0983448 -2.6674085 -0.039226532
0.0 0.0 0.117679596
-1.3337044 -2.1182365 0.0
-0.94143844 -0.078453064 -0.78453183
1.5298374 1.4513836 -1.2944778
2.3928225 1.1375713 -1.8436501
1.3337042 0.90221214 -0.15690649
-1.2160244 0.23535919 0.7453054
-1.6082907 -0.31381226 0.7453054
-0.50994575 -0.4314928 0.0
0.0 -0.23535919 -0.1569064
0.19613302 -0.11768055 0.117679805
0.4707191 0.23536015 0.1569064
0.47071934 0.078453064 -0.0392266
0.1961329 -0.117679596 0.35303938
-0.23535967 -0.15690613 0.19613299
-0.4707191 0.078453064 0.0
0.23535955 0.15690613 -0.1569064
0.47071922 0.078453064 -0.50994575
-0.039226532 -0.078453064 -0.2745862
-0.4314927 -0.078453064 0.07845321
-0.19613302 -0.078453064 0.0
-0.039226532 -0.15690708 0.03922659
-0.07845318 -0.039226532 0.23535958
0.19613302 0.11768055 0.0
0.2745862 0.117679596 -0.23535958
0.039226532 0.078453064 -0.3138128
-0.117679834 0.039226532 0.0
-0.2745862 -0.27458668 -0.07845318
-0.35303938 0.0 -0.07845324
0.0784533 0.0 0.19613302
0.31381273 0.039227486 -0.03922659
0.15690637 0.15690613 -0.07845318
0.15690649 0.0 0.39226598
0.31381273 0.0 -0.19613302
-0.0784533 -0.039226532 -0.3138128
-0.1961329 0.078453064 0.0
-0.23535955 0.0 0.23535961
0.117679715 -0.039226532 0.1569064
0.0784533 0.039226532 0.03922659
0.0 0.0 0.117679805
0.117679834 -0.15690613 -0.07845318
-0.15690649 0.15690613 -0.07845321
0.0 0.0 0.03922659
0.07845318 0.039226532 0.03922662
0.0 -0.117679596 0.0
-0.039226532 0.0 0.07845318
-0.117679834 0.078453064 0.03922659
0.0 -0.078453064 0.117679805
0.0 0.078453064 0.0
0.15690637 0.0 -0.03922659
0.0 0.078453064 -0.07845321
-0.07845318 -0.078453064 0.039226606
-0.03922665 0.039226532 -0.039226606
0.0 -0.15690613 0.0
-0.07845318 0.0 0.07845321
0.117679834 -0.039226532 0.0
0.0 0.15690613 0.03922659
0.07845318 0.0 0.0392266
-0.039226532 -0.039226532 0.0784532
-0.03922665 -0.078453064 0.0784532
0.0 -0.078453064 0.0
0.0 0.0 -0.0784532
-0.03922665 0.039226532 0.0392266
0.0784533 0.117679596 0.1569064
-0.03922665 0.0 0.03922659
0.117679715 -0.039226532 -0.03922659
0.03922677 0.039226532 -0.1569064
-0.117679834 0.0 -0.0392266
-0.03922665 0.15690613 0.1569064
0.03922665 -0.039226532 -0.1569064
-0.19613302 -0.117679596 -0.74530536
-0.15690649 0.039226532 0.6276256
0.23535967 -0.078453064 0.78453195
0.1961329 0.19613266 0.0
-0.078453064 -0.039226532 -0.4314926
0.039226532 -0.078453064 -0.23535958
0.039226532 0.0 0.2745862
-0.117679715 -0.078453064 0.039226606
0.03922665 0.0 -0.07845321
0.039226532 0.0 0.039226606
-0.039226532 0.039226532 -0.1569064
0.0 -0.039226532 0.0784532
-0.03922665 0.0 -0.1176798
-0.03922665 0.039226532 0.1176798
0.19613314 -0.039226532 0.03922659
-0.0784533 0.039226532 -0.03922659
0.0 0.039226532 -0.0392266
0.0 0.039226532 -0.0784532
-0.039226532 -0.078453064 0.0392266
-0.03922665 -0.117679596 0.0
-0.03922665 0.039226532 0.0392266
0.0 0.039226532 0.0
0.15690637 0.078453064 0.0
-0.078453064 -0.039226532 0.07845319
-0.03922665 0.0 0.07845321
0.0 0.0 -0.07845321
0.07845318 0.0 -0.03922659
-0.07845318 0.039226532 -0.0392266
-0.03922665 -0.078453064 0.1569064
0.0784533 0.0 0.0
0.039226532 0.039226532 0.03922659
0.039226532 0.0 0.03922659
0.03922677 -0.039226532 0.07845321
0.039226532 0.0 0.0
-0.039226532 0.039226532 0.07845321
-0.0784533 0.039226532 0.117679775
0.117679834 0.039226532 -0.117679775
0.0 -0.078453064 0.0
0.0 0.0 0.03922659
0.039226532 0.0 0.0
-0.15690637 0.039226532 -0.19613302
-0.35303938 0.078453064 -0.2745862
-0.2745862 0.3138132 0.196133
-0.039226532 0.5491724 0.588399
0.0 0.47071838 0.588399
-0.03922665 0.5491729 -0.07845318
-0.3138128 0.35303926 -0.35303938
-0.35303938 0.19613314 -0.07845324
-0.392266 -0.078453064 0.3138128
0.0 -0.03922701 0.117679834
-0.03922659 0.4314928 1.7651968
1.4121575 0.5491724 5.2563643
1.1375713 0.19613314 -4.6287384
-0.31381273 0.47071886 0.98066497
0.31381273 1.0198917 3.6480737
-0.90221167 0.94143844 -2.6674085
-1.4906108 -0.117679834 0.7845316
-0.3138128 -1.4906106 1.7651973
3.80498 -2.0397835 7.2961473
2.8243153 3.530394 9.061344
0.62762547 0.39226604 -6.825428
-1.372931 -4.981778 -12.00334
-3.1773546 -3.0989008 2.039783
-5.177911 7.335374 4.079566
-0.4707191 4.354152 -0.50994587
2.0790098 -1.4121575 -2.2359161
2.2359161 -1.3729309 -2.000556
0.7453053 0.3922658 -0.62762594
0.23535967 -0.2745862 1.412158
-0.58839905 -0.78453183 1.3337045
-1.0591182 -0.117679834 1.7259703
0.43149257 0.117679834 -0.078453064
0.7453054 -1.0983448 -0.90221214
0.15690649 -0.2745862 -0.8237581
-0.4314927 0.117679596 -0.78453255
-0.03922665 0.2745862 -0.078453064
0.19613302 0.1569066 0.4314928
0.15690649 -0.039226532 0.50994587
-0.117679834 -0.1569066 0.23535919
-0.23535967 -0.2745862 0.0
-0.5491723 -0.078453064 -0.117679596
-0.117679834 0.23535967 -0.15690613
0.31381273 0.078453064 -0.039226532
0.15690649 -0.078453064 -0.23536015
0.31381273 0.31381273 0.0
0.23535967 0.1961329 0.117679596
0.078453064 0.0784533 0.078453064
-0.15690637 0.039226532 -0.039226532
-0.117679715 -0.078453064 -0.078453064
-0.23535967 -0.03922677 0.078453064
-0.1961329 -0.117679834 0.07845402
-0.03922665 -0.039226532 0.039226532
0.0 0.0784533 0.039226532
0.07845318 -0.15690637 -0.078453064
0.0 -0.078453064 0.039226532
-0.07845318 0.0 -0.039226532
0.117679834 0.039226532 -0.11768055
0.07845318 -0.039226532 0.039226532
-0.03922665 -0.03922701 -0.039226532
0.117679834 0.0 0.0
0.0 0.07845354 0.039226532
0.039226532 -0.039226532 0.039226532
0.03922665 0.039226532 0.039227486
0.0 -0.039226532 0.0
0.03922665 0.078453064 0.039226532
0.07845318 -0.078453064 -0.15690708
-0.07845318 0.039226532 0.0
-0.03922665 0.039226532 0.0
-0.117679834 0.039226532 -0.039226532
-0.039226532 0.0 0.039226532
0.07845318 -0.039226532 0.039226532
-0.03922665 0.117679596 0.07845402
0.03922665 0.03922677 0.0
-0.03922665 -0.117679834 0.039226532
0.0 0.078453064 -0.15690708
-0.039226532 -0.078453064 0.11768055
-0.117679834 0.0 0.0
-0.039226532 0.0 -0.039227486
0.039226532 0.0 0.0
0.117679834 0.117679834 -0.078453064
0.0 -0.117679834 0.078453064
0.07845318 -0.039226532 -0.039226532
-0.03922665 -0.039226532 0.039226532
0.0 0.078453064 0.039227486
-0.039226532 -0.078453064 0.0
-0.03922665 0.0 0.117679596
0.03922665 0.0 -0.117679596
0.0 0.039226532 0.039226532
-0.117679834 0.0 -0.07845402
0.03922665 0.0 -0.039226532
0.039226532 0.039226532 0.039226532
-0.07845318 0.039226532 0.0
0.03922665 -0.039226532 -0.039226532
0.039226532 -0.039226532 0.039226532
-0.039226532 0.078453064 -0.078453064
-0.07845318 0.0784533 0.078453064
0.07845318 -0.03922677 0.039227486
0.117679715 -0.078453064 -0.07845402
-0.117679715 0.0 0.0
-0.07845318 -0.078453064 0.0
-0.03922665 0.0 0.039226532
0.07845318 0.078453064 0.0
-0.07845318 -0.039226532 0.07845402
0.07845318 -0.039226532 -0.07845402
0.07845318 0.0 -0.039226532
0.07845318 -0.039226532 -0.078453064
-0.039226532 -0.11768007 0.0
-0.03922665 0.078453064 0.117679596
-0.039226532 -0.039226532 -0.039226532
-0.07845318 -0.039226532 0.0
0.039226532 0.0 0.07845402
0.0 0.19613314 0.0
0.0 0.078453064 -0.07845402
-0.07845318 0.0 0.0
0.0 0.0 0.039226532
0.0 -0.039226532 0.039227486
-0.117679834 0.039226532 0.078453064
0.03922665 -0.078453064 -0.19613361
0.039226532 0.0 0.039226532
0.117679834 -0.039226532 0.0
0.0 -0.07845354 0.039226532
-0.039226532 0.0 -0.039226532
-0.0784533 0.07845354 0.039226532
-0.07845318 0.117679596 0.07845402
-0.07845318 0.039226532 0.0
0.07845318 -0.078453064 0.039226532
0.0 0.117679834 0.078453064
-0.117679715 -0.03922677 0.039226532
-0.03922665 -0.078453064 -0.039226532
0.03922665 0.039226532 -0.078453064
0.0 0.039226532 0.0
-0.03922665 -0.15690613 -0.11768055
0.0 -0.1569066 -0.039226532
0.03922665 -0.078453064 0.039226532
0.23535955 0.0 0.8629856
-0.19613302 -0.1569066 1.6082907
-0.82375854 0.9022119 0.666852
-0.5099458 1.1767979 0.039226532
-0.35303938 0.23535967 -0.666852
1.176798 0.19613302 0.58839893
1.0591182 -0.7060789 -0.9806652
-0.2745862 -0.666852 -0.31381226
-0.47071916 -0.66685224 -0.7060795
-0.392266 -1.5298376 -0.5491724
-0.03922659 -1.7259703 -0.74530506
0.78453195 -0.7060785 -0.5491724
0.9022118 0.31381273 -0.74530506
0.66685224 0.43149233 -0.8237586
0.2745862 0.1569066 -0.5491724
-0.0784533 0.1569066 -0.6668525
-0.5491724 -0.11768007 -0.78453207
-0.62762547 -0.15690613 -0.8237586
-0.19613302 -0.19613314 -0.9414382
0.0 -0.39226627 -0.8237586
-0.23535955 -1.2160244 -0.5491723
0.39226592 0.5491724 -0.117679834
0.15690649 1.8828769 0.15690637
-0.47071922 1.372931 0.27458632
-0.6276256 0.078453064 0.15690637
-0.392266 -1.0198917 -0.31381285
0.0 0.0 -0.6276256
-0.03922662 -1.8828764 0.0
-0.03922659 -2.0397835 0.43149257
0.86298513 -1.2944775 -0.15690637
1.4906107 0.0 -1.3337044
1.3337042 0.47071934 -1.176798
0.39226627 0.9022112 -0.07845318
-0.078453064 0.7060795 -0.23535967
-1.098345 0.039226532 -0.50994575
-2.0790095 -0.11768055 0.15690637
-1.9221034 -0.47071838 0.90221184
0.35303938 -0.15690708 0.6668522
1.6082904 0.078453064 0.1569064
1.7259704 0.19613361 -0.2745862
0.78453207 0.4314928 -0.5491724
-0.31381297 -0.039227486 0.0
-1.059118 -0.19613266 0.58839893
-0.70607877 -0.27458572 0.0
-0.0784533 0.0 0.0392266
0.15690649 0.039226532 -0.0392266
0.23535955 0.117679596 -0.117679805
0.117679834 0.19613266 -0.23535961
-0.039226532 -0.078453064 -0.07845318
-0.0784533 -0.039226532 0.0
0.0 -0.039226532 -0.03922659
-0.117679834 -0.117679596 0.117679775
0.117679834 0.15690613 -0.15690637
0.039226532 0.039226532 0.0
0.03922677 -0.039226532 0.07845318
0.039226532 -0.039226532 -0.03922659
0.0 -0.117679596 0.0
-0.35303938 -0.039226532 -0.07845318
-0.23535967 0.117679596 0.117679775
0.23535967 0.078453064 0.07845318
0.23535955 -0.078453064 -0.03922659
0.15690637 -0.039226532 -0.19613296
-0.039226532 0.078453064 -0.117679834
0.31381273 0.039226532 0.117679834
0.039226532 -0.078453064 0.27458617
-0.35303926 -0.039226532 -0.27458617
-0.58839905 -0.117679596 0.19613296
0.03922665 0.078453064 0.117679805
0.35303938 0.0 0.07845321
0.19613302 0.078453064 -0.3138128
-0.0784533 0.078453064 -0.117679775
0.03922677 0.0 0.39226598
0.039226532 -0.039226532 -0.07845321
-0.0784533 -0.078453064 -0.07845321
-0.117679715 -0.039226532 0.117679805
0.117679715 0.039226532 0.3138128
0.19613314 0.039226532 0.0784532
-0.15690637 -0.117679596 -0.0784532
-0.117679834 0.0 0.0392266
0.078453064 0.19613266 0.1569064
0.15690637 -0.039226532 0.0392266
0.117679834 -0.117679596 -0.2745862
-0.1961329 0.039226532 0.0
0.039226532 0.117679596 0.1176798
-0.117679834 0.0 -0.19613299
0.0 0.0 -0.15690638
0.23535967 -0.117679596 0.23535958
0.15690637 0.0 -0.03922659
-0.1961329 -0.23536015 0.11767979
-0.2745862 0.19613361 0.2353596
0.117679834 0.23535919 0.3138128
0.31381273 -0.15690613 0.3530394
0.078453064 0.039226532 0.6276256
0.31381297 0.35303974 0.70607865
0.58839893 0.31381226 0.4314928
0.2745862 0.9414387 -0.19613314
-0.58839893 0.58839893 -0.31381273
-0.94143844 -0.5491724 0.50994587
-0.7453054 -1.5298376 1.0983446
-0.15690637 -1.6475172 1.0591183
0.2745862 -0.078453064 -0.666852
0.47071922 1.6867437 -2.745862
0.8237586 1.9613299 -1.0983448
0.31381273 0.23535967 1.8828768
-1.3337044 -1.3729305 1.8044236
-1.8044236 -0.8629856 0.4314928
-1.0983448 0.15690613 -0.39226627
-0.07845318 0.9414387 -0.117679596
-0.43149257 0.15690613 1.8436499
-0.23535967 -0.078453064 0.5491724
-0.31381273 0.8237586 -0.7060785
-0.0784533 1.372931 0.23535967
0.9022119 0.9806652 0.43149233
1.3337044 -0.23535967 0.35303926
0.98066497 -0.1569066 0.39226627
-1.0591182 -0.2745862 -1.1767979
-2.5105023 -0.039226532 -0.9806652
-2.1182363 -0.117679596 0.19613314
-1.0983448 0.23535967 0.58839893
0.039226532 1.0198913 0.35303926
1.0198917 1.6082907 1.1767979
1.5690639 1.0983448 0.8629856
1.1375713 0.39226604 2.3928227
-0.19613314 -1.3337045 3.9618864
-1.4906106 -2.4712756 0.98066425
-2.432049 -3.373488 -1.0591173
-0.5491724 1.2552514 -8.237586
0.43149233 6.864655 2.5105019
8.1983595 2.0005565 2.3535957
1.6867437 -3.3734875 0.0
-5.177911 -2.2359161 -0.078453064
-4.0795665 -0.5491724 0.0
2.471276 0.35303926 0.15690708
1.8436501 0.11768007 0.117679596
-0.23535967 0.2745862 0.3530388
-0.39226604 0.23535943 -0.74530506
0.03922677 -0.70607877 -0.27458572
0.43149257 -1.5298376 -1.333705
0.82375854 -0.47071886 -0.27458572
0.5491724 1.1375713 0.39226532
1.6475172 1.9613299 -0.31381226
1.2160245 0.90221167 -0.9414387
-0.50994587 -0.70607877 -0.078453064
-0.862985 -0.98066497 0.58839893
0.15690637 -0.31381273 0.078453064
0.9414383 0.5491724 0.62762547
0.0 -0.31381273 -0.078453064
-0.86298513 -1.8436503 0.745306
-0.43149257 -2.1182365 0.31381226
1.372931 -0.7060785 -0.27458572
1.5298371 -0.8237591 0.43149185
0.62762594 -1.0591173 0.07845402
0.43149233 -0.8237591 -0.66685295
0.1569066 -1.1375713 -1.0198908
-0.2745862 -2.3928223 -0.3138132
-0.1569066 -2.000556 -1.0591183
-1.0198915 0.117679596 -0.31381273
-1.4906108 2.3143692 -1.5690641
-1.7651968 3.7265263 -2.3928223
-0.19613302 5.295591 -0.74530554
1.4121575 3.4911675 -0.15690637
-1.2552512 0.6276256 -0.70607877
-1.9221034 -0.9414383 0.35303938
0.2745862 -1.0198917 -1.5690639
1.5690639 1.3337045 -1.9613299
-0.9414384 1.4513842 -1.2552513
-1.3337044 -0.5491724 1.2160246
0.70607877 -1.3337044 2.6281822
1.6867437 0.1961329 0.35303938
0.47071916 0.86298525 -1.0198916
-0.2745862 0.9022118 -2.3143692
-0.78453195 0.50994575 0.27458608
-0.196133 0.3138128 2.6674087
1.0198915 -0.74530536 2.3535957
-0.58839893 -0.7453054 0.78453207
-2.0005565 0.5491724 1.3337045
4.4326057 -4.9425516 -2.0790098
3.726527 -13.258591 6.982334
4.118793 -8.904438 4.001113
-3.7657537 4.746418 -12.748644
-3.4911673 4.9425526 -0.47071916
-0.8237586 3.1381273 2.039783
-0.23535967 2.5889559 -1.7259703
-1.8044236 0.47071838 0.2745862
-3.0989013 -1.7259703 4.4326057
-1.0198915 -1.3729305 0.50994587
-1.098345 1.7259703 -2.2359161
-0.31381273 4.3541527 -0.35303926
1.3337045 4.785645 -0.43149257
2.1966896 3.1381278 -0.23535967
4.1580195 0.39226598 3.8442066
4.6287384 -1.1375713 3.373488
1.5690646 -0.9414383 -1.5690641
0.58839893 -1.6867437 1.7651968
-2.3535962 -3.0204482 -3.530394
-3.3734877 -0.47071886 0.0
-2.745862 -1.412158 -4.1972456
-2.5889554 -5.6094036 -3.0596747
-0.50994587 -6.1193495 -2.5497289
2.667409 -2.6281815 -1.8044236
3.5696206 1.8044224 -0.4314928
3.2558079 2.66741 9.179024
0.19613266 2.8635406 3.1773548
-1.2944775 3.0596752 -0.9806652
-2.07901 2.5497293 -2.4320493
-1.3337042 1.4513836 -1.6867435
-1.0983448 1.4513845 -0.58839905
-1.0198915 1.6475172 -0.43149257
-1.1375713 1.8044233 -0.39226604
-0.784532 1.2944777 -0.19613302
-0.31381273 0.74530554 -0.23535958
0.6668521 0.2745862 0.27458617
1.4906108 -0.5883992 1.9221034
1.4121575 -2.824315 3.92266
2.706635 -3.8442068 1.412157
-0.35303926 -0.15690613 -4.667965
-3.5696204 0.9414387 -7.021561
-5.256364 -0.39226627 -2.0397835
-4.2756996 -0.745306 6.590069
2.667409 -1.1767979 7.1392407
7.1392407 -0.62762547 -3.373487
6.00167 0.666852 -4.628739
2.1966891 0.7060795 -0.35303938
-2.785088 -0.58839893 2.2359161
-2.07901 -0.58839893 -1.9221034
-0.90221167 -0.15690708 -0.0392266
2.3143692 2.1182365 -0.196133
2.5497293 1.333705 0.35303938
-1.5690641 -0.78453255 0.35303938
-4.236473 -0.7060785 1.2944778
-3.0989013 0.7060785 -0.39226604
-0.19613302 0.039226532 0.03922665
1.4121575 -0.4314928 -0.2745862
0.5491724 -0.19613266 -0.7453054
0.039226532 0.039226532 -0.5491724
0.50994587 -0.039226532 -0.2745862
0.31381273 -0.23535919 0.03922659
-0.47071922 -0.039226532 0.117679805
-0.82375854 -0.15690708 -0.117679805
-0.39226598 -0.117679596 0.117679805
0.07845318 0.35303974 0.2353596
0.6276256 0.27458572 0.0
0.98066497 0.23536015 -0.3138128
0.58839893 0.117679596 0.19613299
0.3530395 0.15690613 0.2745862
0.0 -0.15690613 -0.5099458
-0.70607877 0.23535919 -0.5491724
-0.7453054 -0.078453064 -0.39226604
-0.5491724 -0.50994587 0.19613302
-0.5099458 -0.62762547 0.3138128
-0.39226598 -0.58839893 0.66685224
0.0 -0.27458572 0.70607877
0.1176798 0.43149185 0.3138128
0.4707192 0.50994587 -0.6276256
0.8629852 0.117679596 -1.6867437
0.58839905 -0.27458572 -1.0198916
-0.03922677 -0.078453064 0.5491724
-0.27458608 -0.039226532 0.70607877
-0.58839905 -0.35303974 0.3138128
-0.74530536 -0.35303974 0.43149257
-0.58839893 -0.039226532 0.66685224
-0.117679805 0.23536015 0.4314926
0.2353596 0.3530388 0.47071916
0.3138128 0.35303974 0.03922665
0.0784532 0.27458668 0.07845318
-0.19613299 0.039226532 -0.07845318
-0.35303938 0.078453064 -0.2745862
-0.15690638 0.0 -0.3138128
0.23535958 -0.117679596 -0.15690643
0.0392266 -0.19613361 -0.1569064
-0.0392266 -0.15690613 -0.23535958
0.1176798 -0.4314928 0.23535958
0.2745862 0.039226532 0.19613299
0.35303938 -0.15690613 -0.03922659
0.2745862 -0.23535919 -0.1569064
-0.19613302 -0.35303974 -0.35303938
-0.8237586 -0.27458668 0.35303938
-0.5491724 0.4314928 0.7453054
0.19613296 0.5491724 0.03922659
0.31381282 0.58839893 -0.19613302
0.23535958 0.4314928 0.03922665
0.0392266 0.50994587 0.0
-0.3138128 0.62762547 -0.03922665
-0.39226598 0.706079 -0.07845318
-0.23535961 0.62762547 0.31381285
-0.19613296 0.31381273 0.6276256
0.039226532 0.078453064 0.62762547
0.23535967 -0.117679596 0.50994587
0.47071916 -0.039226532 0.5491724
0.70607877 -0.50994587 0.2745862
0.980665 -0.7845316 0.1961329
1.4121575 -0.78453255 0.94143844
1.6082907 -0.078453064 0.86298513
0.8237586 -0.078453064 0.078453064
-0.19613314 -0.9806652 -0.117679596
-0.5491724 -2.9812212 -1.6867437
-1.765197 -1.6082907 -2.824315
-2.5889554 2.2751427 -2.4320493
-4.158019 3.5696201 -0.43149257
-3.8834333 1.6475177 2.9812217
2.9419947 -2.3928227 1.8828768
4.4718323 -2.07901 -1.8044236
3.2950344 0.62762547 -3.9618864
2.4320493 2.157463 -1.2944777
0.2745862 -0.39226532 2.5105023
-2.5105026 0.31381226 3.1773543
-2.0005565 -0.62762547 -1.2160245
-1.5298374 0.7060785 -1.9613299
0.6668522 0.39226627 0.9806649
1.3729309 -1.4906111 0.98066497
0.31381285 0.19613361 0.117679805
0.31381273 0.23535919 -0.2745862
0.117679834 0.39226627 0.19613302
-0.58839893 -0.27458668 0.23535955
-0.5491724 -0.23535919 -0.03922659
0.039226532 -0.15690613 0.15690643
0.35303938 0.19613266 -0.4314926
-0.07845318 0.39226627 -0.35303938
-0.47071916 0.078453064 0.3138128
-0.19613302 -0.39226627 0.43149263
0.47071916 -0.8237581 -0.15690643
0.47071922 0.19613266 0.5099458
0.15690637 -0.078453064 0.35303938
0.15690637 -1.0983448 -0.39226604
-0.62762547 0.666852 -0.98066497
-0.19613302 0.8629856 -0.78453195
-1.2944778 -1.2944784 -0.07845318
-1.8436501 -0.58839893 -0.58839905
-1.4121575 -0.27458572 -0.039226532
-0.43149257 0.7060785 0.23535955
0.0 1.5298376 -0.2745862
0.50994563 1.333704 -0.94143844
0.39226604 1.2160249 -2.1574628
2.3143694 -0.4314928 -3.8834333
4.981778 -2.1574626 -3.3734875
1.4906106 -0.4314928 2.745862
-1.6082907 0.4314928 3.5696206
-2.628182 0.0 2.0005565
-3.334261 -0.35303974 1.2944777
-2.5889554 -0.19613266 1.0198915
-0.39226627 0.58839893 1.4513842
0.74530554 -0.039226532 0.98066497
0.2745862 1.2944775 -0.9022118
0.35303926 1.1767979 -1.2160245
0.78453207 -0.62762547 -1.3337044
4.197246 -1.1767979 -2.941995
1.0983448 -1.0983448 1.6082904
-0.2745862 -0.117679596 2.2359161
-0.5491724 -2.9419956 5.727083
-0.78453195 0.47071934 4.0403395
0.0 1.0983448 -4.471832
-0.117679834 0.9806652 -4.0011134
1.2552513 -0.078453064 0.43149263
-0.47071934 -0.39226627 0.03922659
-0.7453053 0.078453064 0.7453054
0.5491724 3.0989017 2.039783
-3.1773546 4.001113 1.2552509
-1.2944777 -2.9027681 -0.3922658
1.1767979 -0.8237586 -0.23535967
2.0397832 -1.0983453 0.19613314
1.6867437 -1.412157 0.23535967
-0.86298525 -0.078453064 0.9414382
0.23535967 0.47071838 1.5298376
-0.31381285 0.47071934 0.23535919
-0.74530536 -0.039226532 -0.117679596
0.980665 -1.0198917 -1.4121575
-0.2745862 0.19613361 -0.90221167
0.2745862 0.078453064 -0.35303974
0.5491724 -1.1375713 -0.117679596
-0.4314927 -1.4906111 0.19613314
0.8237587 -1.6082907 -1.1375716
0.2745862 -0.19613266 -0.4707191
-0.66685224 0.3138132 -0.86298513
-0.117679834 0.74530506 -0.9022118
-0.19613302 2.157463 -0.23535967
0.19613302 2.3143692 0.43149257
0.35303926 3.5303936 -0.86298513
-0.62762547 2.0397835 1.8436502
2.9812214 -2.1182365 0.39226604
-0.117679596 2.5105023 1.0198915
1.4906106 -0.90221167 0.8237586
0.4314928 0.039226532 2.5497289
0.35303926 -1.5298371 -2.7850885
-0.2745862 -0.62762594 1.0198917
0.039226532 0.4314928 -1.0198917
0.4314928 -0.23535967 -0.2745862
1.2944779 -0.43149233 0.4314928
0.666852 0.19613266 1.8828764
-0.19613361 0.0 1.4121575
-0.62762547 -0.117679596 -1.4121575
1.0983448 0.9414382 -3.412714
1.1375713 0.35303926 -2.8635416
0.50994587 0.5491724 -1.0198915
0.8237591 0.6276257 -2.2751427
0.74530506 1.2944779 -2.628182
0.19613266 0.8237585 -0.90221214
-0.15690613 0.39226604 -1.2160239
-0.27458572 -0.50994587 -1.0983448
-0.8629856 -0.98066485 0.039226532
-1.5690641 -1.0198917 -0.07845402
-2.1966891 -0.43149257 -0.74530506
-1.7259703 0.19613314 -0.8237581
-1.0983448 0.117679596 0.8237581
-0.6668525 0.0 1.6475172
0.11768007 0.3530395 1.6082907
0.0 0.0 1.2552509
-0.07845354 0.7453053 -0.19613266
0.35303974 0.43149257 1.0591183
0.31381273 0.31381297 0.90221167
0.15690613 0.1961329 0.86298513
0.39226627 0.58839905 0.70607877
0.43149233 0.1961329 0.039226532
0.78453207 0.03922665 0.19613302
1.8436503 -0.43149257 1.0983448
0.7060785 0.43149257 0.15690637
-0.5491724 0.70607877 0.03922659
-0.9414382 0.3138128 0.117679805
-1.0591183 0.3138128 -0.3530394
0.19613314 0.3138128 -0.15690637
1.2160244 0.03922659 0.6276256
1.0198917 -0.70607877 0.11767979
0.62762547 0.4314926 0.35303938
0.23535919 0.4314926 0.8237586
0.039227486 0.07845318 0.47071916
-0.27458668 -0.70607877 -0.23535955
0.078453064 -0.1569064 0.31381273
0.39226627 0.47071922 0.03922665
0.117679596 0.3138128 -0.117679834
0.039226532 0.9022117 -0.117679715
-0.078453064 0.27458632 -0.15690649
-0.39226627 0.117679596 -0.31381273
-0.15690613 0.2745862 0.19613302
0.078453064 0.1569066 -0.15690643
0.117679596 -0.19613314 0.0
-0.43149185 -0.86298513 0.47071916
-0.27458668 -0.588399 0.19613302
-0.23535919 0.3138128 -0.6276256
0.0 0.7453053 -0.9022118
-0.50994587 -0.15690637 -0.8237586
-0.8629856 -0.50994575 -0.70607877
0.5491724 -0.588399 -0.2745862
2.5497293 -0.6276256 0.50994575
3.1773539 -0.70607877 1.2552512
-0.98066425 -0.2745862 1.176798
-2.4712763 0.3138128 -0.15690637
-1.9221029 0.4314926 0.43149257
0.7845316 0.86298513 0.2745862
1.4906111 0.47071916 -0.31381273
0.7845316 0.15690649 -0.7453054
-0.7845316 0.62762547 -0.74530536
-0.7060785 0.23535967 0.2353596
0.27458572 -0.039226532 0.784532
0.23536015 -0.03922677 0.6668521
-0.9806652 -0.117679596 -0.07845318
-0.35303974 -0.27458632 0.4314927
0.90221214 -0.6668521 -0.15690649
0.9806652 0.07845318 -0.4707191
0.117679596 0.0 1.0983447
-1.4513845 -0.07845318 1.1767981
-0.58839893 -0.8237586 -1.2160246
0.0 0.0 -0.78453207
0.35303974 0.03922659 0.0
-0.27458668 0.82375854 0.86298513
-0.078453064 0.31381285 0.39226604
0.15690613 -0.117679834 -0.62762547
-0.50994587 -0.2745862 0.0
0.19613361 -0.039226532 0.23535943
-0.078453064 -0.35303944 -0.117679596
-0.19613361 -0.19613299 -0.1569066
-0.3530388 -0.03922659 -0.50994563
0.9414377 -0.8629852 -1.8044236
0.745306 0.35303938 0.7453054
-0.19613361 -0.43149263 1.0591183
-0.15690613 -0.6276255 -0.4314927
0.0 -0.23535967 -0.6276255
-0.23535919 -0.7453053 0.19613296
-0.35303974 -0.39226604 0.70607877
0.078453064 -0.117679834 0.6276256
0.745306 0.117679834 0.0
0.23535919 -0.3530395 -0.35303938
-1.6475172 -1.647517 -0.9414383
1.2552509 0.98066497 -0.03922665
1.7651968 1.0983448 -1.5298374
-0.039226532 0.8237585 -1.372931
-1.333704 0.2745862 -1.6475172
0.39226627 0.117679834 0.039226532
1.0983448 -1.0983449 -0.078453064
-0.07845402 0.19613314 -2.1574628
-0.666852 -0.117679834 -1.372931
-1.0591183 0.15690637 -0.9414387
-2.039783 0.23535967 -1.3729305
-1.8044233 0.117679715 -0.9806652
-1.4906106 0.2745862 0.0
-0.78453207 -0.039226532 0.666852
-0.98066497 0.07845318 0.5491724
-1.2552513 0.43149257 0.078453064
-0.117679834 0.35303938 -0.19613266
0.9022118 -0.07845318 -0.19613266
0.15690637 -0.2745862 0.078453064
0.0 -0.2745862 0.23535919
-0.15690637 0.117679834 0.0
-0.31381273 0.039226532 0.5491724
-0.47071922 -0.07845318 0.50994587
-0.47071916 -0.2745862 0.47071934
-0.07845324 -0.50994575 -0.15690613
0.23535967 -0.3530395 -0.15690708
-0.07845324 0.0784533 -0.31381226
-0.23535961 -0.1961329 -0.47071934
0.19613302 -0.2745862 0.666852
0.43149257 -0.1569066 1.9221034
-0.39226598 -0.35303926 0.9414382
-0.7453054 0.0 0.47071934
0.117679805 -0.6276257 -0.8237586
-0.2745862 0.0 -1.1767979
0.0 -0.15690613 -1.6082902
-0.19613299 -0.50994587 -1.0983448
-0.3530394 0.19613314 -0.58839893
-0.82375854 0.5883987 -0.8237591
-0.03922665 0.86298513 -1.8436499
0.5099458 0.31381297 -0.8237591
-0.35303932 0.1961329 0.9414387
0.27458614 -0.078453064 2.000557
-0.3138128 -0.1569066 1.7651968
-0.23535955 -0.15690637 0.86298466
0.039226532 -0.039226532 0.039226532
0.5099458 0.23535967 -0.47071838
0.19613302 0.1961329 -0.50994587
0.0 -0.078453064 -0.50994587
-0.03922659 0.15690637 -0.078453064
0.19613296 -0.19613314 0.15690613
0.2745862 -0.2745862 0.50994587
0.117679805 0.0 0.3530388
-0.07845321 -0.078453064 0.27458668
0.0 -0.03922677 0.0
0.392266 -0.15690637 -0.078453064
0.35303938 -0.078453064 0.15690613
0.31381276 0.0 0.3922658
0.0 -0.15690637 0.07845354
0.03922665 0.117679834 -0.35303974
0.43149257 -0.1569066 -0.7060785
-0.03922665 -0.15690637 -0.35303974
-0.1961329 -0.117679834 -0.23535919
-0.31381285 0.03922677 -0.3138132
-0.07845318 0.2745862 -0.5491724
-0.03922659 0.35303926 -0.23535919
0.117679775 0.19613314 0.039226532
-0.117679775 0.23535943 -0.19613266
-0.03922659 -0.039226532 -0.15690708
0.2745862 -0.0784533 0.27458668
0.2745862 -0.039226532 0.39226627
-0.07845318 0.117679834 0.7060785
0.0 -0.039226532 0.4314928
0.07845318 0.15690637 -0.47071934
-0.15690643 0.1961329 -0.78453255
-0.3138128 -0.078453064 0.0
-0.03922659 0.0 0.50994587
0.19613296 -0.31381297 0.5491724
0.15690643 -0.1961329 0.50994587
-0.07845318 -0.039226532 0.4314928
-0.23535961 -0.117679834 0.3138132
-0.117679775 -0.117679834 0.0
-0.07845321 -0.15690637 -0.15690708
-0.1569064 0.039226532 -0.3530388
-0.1569064 0.0784533 -0.39226627
0.07845319 0.078453064 -0.3138132
0.039226606 -0.078453064 -0.078453064
0.039226606 -0.19613314 0.078453064
0.07845318 -0.078453064 0.39226627
-0.03922659 -0.23535967 0.3138132
-0.19613299 -0.1961329 -0.39226627
-0.2745862 0.23535943 -0.7060785
-0.19613299 0.23535967 -0.62762547
0.07845318 -0.117679834 0.117679596
0.039226606 0.03922677 0.5491724
-0.0784532 0.15690637 0.23535919
-0.1569064 0.31381273 0.0
-0.07845321 0.58839893 -0.47071934
0.15690643 0.23535967 -0.666852
-0.15690643 0.117679834 0.078453064
-0.50994575 -0.0784533 0.666852
-0.15690637 -0.31381273 0.5491724
-0.2745862 -0.15690637 0.19613361
-0.2745862 -0.117679834 -0.15690708
0.23535955 0.117679834 -0.117679596
0.43149257 0.31381273 -0.3530388
0.31381285 0.0784533 -0.15690708
0.15690637 -0.1569066 0.27458668
0.1569064 -0.31381273 1.1767979
0.07845321 -0.1961329 0.15690613
-0.117679834 -0.23535967 -0.39226532
-0.07845318 -0.039226532 -0.039227486
0.0 0.039226532 0.11768055
