-0.0392266 0.0 -0.078453064
0.0392266 -0.0392266 -0.078453064
0.0 -0.0784532 -0.078453064
-0.0784532 0.0392266 0.19613266
0.0 0.0 -0.078453064
0.1569064 0.0 0.078453064
-0.1176798 0.0392266 -0.078453064
0.0784532 0.0392266 -0.039226532
-0.0392266 -0.0784532 -0.039226532
-0.0392266 0.0 0.039226532
0.0392266 -0.0392266 -0.039226532
-0.0784532 -0.0392266 -0.039226532
0.1569064 0.0784532 0.039226532
-0.1569064 0.0 0.0
0.0784532 -0.0392266 0.117679596
-0.1176798 -0.0392266 -0.078453064
0.0 0.0 -0.039226532
0.0784532 0.0784532 0.039226532
-0.0392266 -0.0392266 0.0
0.0784532 0.1176798 0.117679596
0.0 0.0 -0.117679596
-0.0784532 0.0392266 0.039226532
0.0784532 -0.0392266 0.0
-0.1176798 -0.0392266 0.0
0.0392266 0.0 -0.039226532
0.0392266 0.0 -0.078453064
0.0 -0.0392266 0.117679596
-0.0784532 -0.0392266 0.078453064
0.1176798 -0.0392266 -0.078453064
0.0 0.0784532 0.0
0.0392266 0.0 -0.078453064
-0.0392266 -0.0392266 0.039226532
0.0 -0.0784532 0.0
0.0392266 0.1176798 0.039226532
-0.6276256 0.0 0.0
0.5491724 0.0 -0.078453064
-0.0784532 0.0 0.0
-0.03922659 0.0 0.117679596
0.11767979 -0.0392266 0.039226532
-0.0392266 0.0 -0.039226532
-0.0392266 -0.0392266 0.0
0.0392266 0.1176798 -0.078453064
0.1176798 -0.0784532 0.039226532
-0.1569064 -0.1176798 0.0
0.0784532 0.0 0.0
0.0 0.0784532 0.0
-0.0392266 0.0784532 -0.039226532
-0.07845319 0.1176798 0.039226532
0.11767979 -0.0784532 0.0
-0.0784532 -0.0784532 0.0
0.0 0.0392266 -0.039226532
-0.03922659 0.0392266 0.078453064
0.11767979 -0.0392266 0.039226532
-0.0784532 0.0 -0.117679596
0.0 -0.0392266 -0.039226532
0.0 -0.0392266 0.0
0.0 -0.0392266 -0.039226532
0.0 -0.0392266 0.078453064
0.0 0.0784532 -0.039226532
0.0392266 -0.0392266 0.0
0.0784532 0.0 0.039226532
-0.0392266 0.0392266 -0.078453064
0.0392266 0.0392266 0.117679596
-0.0784532 0.0 0.039226532
0.0392266 -0.0392266 0.078453064
-0.0392266 0.0 -0.039226532
-0.0392266 0.0784532 0.039226532
0.1176798 -0.0784532 -0.117679596
-0.0392266 0.0392266 -0.078453064
-0.11767979 -0.1176798 0.078453064
0.03922659 0.1569064 -0.039226532
-0.03922659 -0.0784532 0.0
0.07845319 0.0784532 -0.039226532
0.0392266 0.0784532 0.0
-0.0392266 -0.0392266 0.0
0.0 -0.0392266 0.117679596
0.0 0.0392266 -0.039226532
-0.0392266 0.0392266 0.0
-0.03922659 -0.0392266 -0.039226532
0.03922659 -0.1176798 0.078453064
-0.03922659 0.0784532 0.039226532
0.03922659 0.0 0.0
0.0392266 -0.0392266 -0.039226532
-0.0392266 0.0784532 0.039226532
0.0 -0.0392266 -0.039226532
0.0 0.0 -0.039226532
0.0392266 0.0 0.117679596
0.0392266 -0.0784532 -0.117679596
0.0 0.1176798 -0.039226532
0.0 0.0 0.078453064
-0.0784532 -0.1176798 0.0
0.0 -0.0392266 0.0
-0.03922659 0.0784532 0.0
0.07845319 -0.0784532 -0.039226532
-0.0392266 0.0 0.039226532
0.0392266 0.0 0.0
0.0392266 0.0392266 0.0
0.0784532 0.0784532 -0.078453064
-0.0784532 0.0392266 0.0
0.1176798 -0.1176798 0.117679596
-0.0392266 0.0392266 0.0
-0.0784532 0.0 -0.117679596
-0.0392266 -0.0784532 0.117679596
0.0392266 0.0 -0.078453064
-0.0392266 0.1176798 -0.15690613
0.0784532 -0.0392266 0.23535919
0.0 0.0392266 0.039226532
0.0 -0.0784532 -0.117679596
-0.0784532 0.0784532 0.039226532
-0.0392266 0.0784532 0.0
0.0392266 -0.0784532 -0.078453064
0.0 -0.0392266 0.039226532
0.0784532 0.0392266 0.117679596
-0.0784532 0.0 0.07845402
0.0 -0.0392266 -0.11768055
-0.0392266 0.0 -0.078453064
-0.03922659 0.0392266 0.078453064
0.0 0.0 -0.078453064
0.03922659 0.0 -0.039226532
0.0392266 -0.0392266 0.039226532
0.1176798 0.0 0.0
0.0 0.0392266 0.039226532
-0.0784532 0.0 -0.039226532
-0.11767979 -0.0392266 0.078453064
0.07845319 0.0 -0.078453064
-0.07845319 -0.0784532 0.078453064
0.03922659 0.0784532 -0.039226532
-0.03922659 0.0 0.0
0.11767979 0.0 -0.078453064
0.0 -0.0784532 -0.078453064
0.0 0.0 0.078453064
0.0 0.0784532 0.0
-0.0784532 -0.0392266 -0.078453064
0.0 0.0392266 0.039226532
0.0 -0.0392266 -0.078453064
0.0392266 0.1176798 0.0
0.0 -0.0392266 0.039226532
-0.0392266 0.0784532 -0.039226532
0.0 -0.0392266 0.039226532
0.1176798 -0.0784532 0.039226532
-0.0392266 0.0 0.0
-0.0392266 -0.0392266 0.039226532
-0.07845319 0.0 0.0
0.07845319 0.1176798 0.039226532
-0.0392266 -0.0784532 0.0
0.0392266 0.0392266 0.0
0.0392266 0.0784532 -0.039226532
-0.0392266 -0.0784532 0.078453064
0.1176798 0.0392266 -0.039226532
-0.0784532 -0.0784532 -0.078453064
-0.0784532 -0.0784532 -0.078453064
0.0392266 -0.0392266 0.117679596
0.1176798 0.1569064 0.039226532
-0.0392266 0.0 -0.078453064
-0.0784532 0.0 0.0
0.1569064 -0.0784532 0.0
-0.1176798 -0.0392266 0.0
0.0784532 0.0 0.039226532
0.0392266 0.0784532 0.078453064
-0.0784532 -0.0392266 0.0
0.0 0.0784532 -0.078453064
0.0392266 0.1176798 0.039226532
-0.0784532 -0.0784532 -0.117679596
-0.0392266 -0.0392266 0.078453064
-0.0392266 0.0 0.039226532
0.0 -0.0392266 0.0
0.0392266 0.0392266 0.039226532
-0.0392266 -0.0392266 0.078453064
0.0392266 -0.1176798 0.0
-0.0392266 0.1176798 -0.117679596
0.0 0.0 -0.039226532
0.0 0.0392266 0.0
0.0 0.0 0.039226532
0.0784532 0.0 0.039226532
-0.11767979 -0.0784532 0.0
0.07845319 0.0 -0.039226532
0.0784532 0.0392266 0.039226532
0.0 -0.0392266 0.039226532
-0.0784532 0.0 0.0
0.0 -0.1176798 -0.039226532
0.0392266 0.0784532 0.039226532
0.0 0.0 -0.039226532
-0.0784532 0.0784532 -0.039226532
0.0392266 -0.0392266 0.0
-0.0392266 0.0 0.0
0.0 0.0392266 -0.078453064
0.0392266 0.0 0.0
0.0 0.0392266 0.039226532
0.0 -0.0392266 0.039226532
-0.07845319 -0.0392266 -0.117679596
0.07845319 0.1176798 0.0
0.0392266 -0.0784532 0.117679596
0.0 0.0 -0.039226532
0.0 0.0 0.078453064
-0.0392266 -0.0392266 -0.039226532
0.0392266 -0.0392266 -0.039226532
0.0 0.0 0.039226532
0.0 -0.11767979 0.0
0.0 0.1569064 -0.039226532
0.0784532 0.0392266 0.039226532
0.0 0.0 -0.039226532
-0.0784532 0.0784532 0.078453064
-0.0784532 0.0392266 -0.15690613
0.0392266 0.0392266 0.078453064
0.0 -0.0784532 0.078453064
0.0392266 -0.1176798 0.039226532
-0.0784532 0.0392266 -0.078453064
-0.0784532 0.0 -0.15690613
0.039226606 0.0784532 0.078453064
0.07845319 0.0 0.078453064
-0.07845319 -0.0784532 0.078453064
0.0 -0.0392266 -0.039226532
-0.039226606 0.0784532 -0.039226532
0.0 0.0392266 0.117679596
0.1176798 -0.1176798 -0.039226532
0.0392266 -0.0392266 -0.19613266
0.0784532 0.0392266 0.117679596
0.0 -0.0784532 0.039226532
-0.0392266 0.0 -0.039226532
-0.0784532 0.0 0.078453064
0.0784532 0.0784532 -0.039226532
-0.0784532 0.0392266 0.039226532
0.0392266 -0.0784532 0.039226532
-0.0392266 0.1569064 0.039227486
-0.0392266 0.0784532 0.039226532
-0.0784532 0.0 -0.15690708
0.039226606 -0.1176798 -0.039226532
0.1569064 -0.0784532 0.078453064
-0.0392266 0.0392266 -0.078453064
-0.0392266 -0.0392266 0.039226532
0.0 0.0 -0.039226532
0.0784532 0.0392266 -0.039226532
0.0 -0.0784532 0.039226532
0.0392266 -0.0392266 -0.039226532
-0.1176798 0.1569064 -0.078453064
-0.0392266 -0.0784532 0.078453064
0.0 0.0 0.117679596
0.0392266 0.0392266 -0.039226532
0.0392266 -0.0784532 0.039226532
-0.0784532 0.0784532 -0.078453064
0.0392266 -0.0784532 0.0
-0.07845319 0.0392266 -0.078453064
0.0 0.0 0.039226532
0.07845319 -0.0392266 0.039226532
0.1176798 0.0 -0.117679596
-0.0784532 0.0784532 0.15690613
-0.0784532 -0.0392266 0.039226532
-0.0784532 0.0 0.11768055
0.0784532 0.0784532 -0.11768055
-0.03922659 0.0784532 -0.117679596
0.07845319 -0.1176798 -0.117679596
-0.0392266 0.0784532 0.078453064
0.0784532 0.0 0.0
-0.0784532 -0.0392266 0.078453064
0.0392266 0.0392266 -0.078453064
0.1176798 0.0 -0.039226532
0.0 -0.1176798 0.117679596
-0.0392266 0.0784532 0.039226532
-0.0784532 0.0392266 0.039226532
0.1176798 0.0 -0.039226532
-0.1176798 0.0392266 0.0
0.0392266 -0.1176798 0.0
-0.0392266 -0.0392266 0.0
-0.0392266 -0.0784532 -0.039226532
-0.0784532 0.1176798 -0.078453064
0.0784532 0.0 0.117679596
0.0392266 0.0392266 -0.039226532
0.0 0.0784532 0.039226532
0.0392266 0.0392266 0.078453064
-0.0784532 0.0 -0.039226532
0.0 -0.1176798 -0.117679596
0.0 0.0392266 0.039226532
0.0784532 0.0 0.078453064
0.0 0.0 -0.039226532
-0.0784532 0.0392266 0.0
-0.03922659 -0.1176798 -0.117679596
0.0 0.0784532 0.15690613
0.03922659 -0.0784532 -0.039226532
0.0392266 0.0784532 0.0
0.0784532 -0.0392266 0.039226532
-0.0392266 -0.0392266 -0.117679596
0.0 0.0 0.15690613
-0.0784532 0.0 -0.15690613
0.0392266 0.0 0.117679596
0.0784532 -0.0784532 0.039226532
0.0 0.0392266 -0.117679596
0.0392266 0.0392266 -0.039226532
0.0392266 0.0 0.117679596
-0.0392266 0.0392266 -0.039226532
-0.0392266 0.0 -0.078453064
-0.0392266 -0.0784532 0.0
0.0 0.0392266 0.117679596
0.0 0.0392266 0.07845402
-0.0392266 0.0 -0.11768055
0.0392266 0.0 0.0
0.0 -0.0784532 -0.039226532
0.0392266 0.0 0.0
0.0392266 0.0392266 0.078453064
-0.1569064 -0.0784532 0.0
0.19613299 0.0784532 0.039226532
-0.1569064 -0.0784532 -0.117679596
-0.0392266 0.0392266 -0.039226532
0.0392266 0.0 0.15690613
-0.07845319 0.6276256 0.039227486
0.0 -0.588399 0.0
-0.039226606 -0.0392266 0.078453064
0.039226606 0.0784532 -0.11768055
0.03922659 -0.0392266 -0.039226532
0.0 -0.0392266 -0.039226532
-0.03922659 0.0 0.0
0.07845319 0.0 -0.039226532
-0.0392266 0.0 0.0
0.0392266 0.1569064 0.039226532
0.0 -0.1176798 0.078453064
0.0784532 0.0392266 -0.039226532
0.0 0.0784532 -0.039226532
0.0 0.07845319 0.11768055
-0.0392266 0.0 -0.07845402
-0.0392266 0.0 -0.117679596
0.1176798 -0.11767979 0.039226532
0.0 -0.0392266 0.078453064
-0.0392266 0.0392266 -0.078453064
0.0392266 -0.1176798 -0.039226532
-0.1569064 0.0 0.039226532
0.0 0.1176798 -0.078453064
0.0 0.0392266 0.078453064
0.0392266 -0.0392266 0.0
0.0 0.0 -0.039226532
0.1569064 0.0 -0.078453064
-0.0784532 0.0 0.19613266
0.0392266 -0.0392266 0.039226532
-0.0784532 0.0 -0.117679596
-0.0392266 -0.0392266 -0.039226532
-0.0392266 -0.0784532 0.078453064
0.0 0.1569064 -0.039226532
-0.03922659 0.0 0.039226532
0.0 -0.0784532 0.0
0.0 0.0 0.039226532
0.03922659 0.0 -0.078453064
-0.03922659 -0.1176798 0.039226532
0.19613299 -0.07845319 0.039226532
-0.0392266 0.2745862 0.0
-0.0784532 0.0 -0.039226532
0.0784532 0.0 0.039226532
0.0 -0.0392266 0.0
0.0 0.0 0.039226532
0.0 0.0392266 -0.117679596
-0.1176798 -0.0392266 0.0
0.0392266 0.0 -0.078453064
0.0784532 0.0 -0.078453064
-0.0392266 0.0 0.039226532
-0.0784532 0.0 -0.039226532
0.0392266 -0.0784532 0.078453064
0.0784532 0.0 0.039226532
-0.0392266 0.0784532 0.0
-0.0392266 0.0392266 -0.039226532
0.0 0.0 0.039226532
0.0 -0.0392266 0.039226532
-0.07845319 -0.0392266 0.0
0.03922659 -0.0392266 0.039226532
-0.03922659 -0.0392266 0.039226532
0.11767979 0.0392266 0.0
-0.0392266 0.1176798 -0.039226532
0.0 -0.0784532 0.0
0.0 0.0392266 0.039226532
-0.0392266 0.0784532 -0.117679596
0.0392266 -0.0784532 0.15690613
0.0392266 0.0 0.039227486
-0.0784532 0.0 -0.19613361
0.0 0.0 0.039226532
-0.03922659 0.0 0.039226532
0.11767979 0.0 0.039226532
-0.0392266 0.0784532 0.039226532
0.0392266 -0.1176798 0.0
-0.0392266 -0.0784532 -0.078453064
0.0392266 0.0784532 -0.117679596
0.0392266 0.0392266 0.039226532
0.0784532 -0.0392266 0.039226532
-0.1176798 -0.0392266 0.0
-0.11767979 0.0 -0.078453064
0.07845319 0.0784532 0.0
-0.0392266 -0.0392266 0.039226532
-0.03922659 0.0784532 0.117679596
0.03922659 -0.19613299 -0.039226532
0.0392266 0.0 0.0
-0.0392266 0.0 0.0
0.0784532 0.0392266 0.0
-0.0784532 0.1176798 -0.039226532
0.0392266 0.0 0.078453064
-0.0392266 -0.0784532 -0.039226532
0.0784532 -0.1176798 0.0
0.0 0.0784532 0.078453064
-0.0784532 0.0784532 -0.039226532
0.0 0.0 -0.039226532
0.0 0.0 0.039226532
0.0784532 0.0 -0.039226532
0.0 0.0392266 0.039226532
0.0 0.0392266 -0.117679596
-0.0784532 -0.0784532 0.039226532
-0.0784532 0.0392266 0.039226532
-0.039226606 0.0392266 0.0
0.117679805 0.0 -0.078453064
-0.0784532 0.0 0.078453064
-0.039226606 0.0392266 0.039226532
0.1569064 -0.1569064 -0.078453064
0.0784532 -0.0784532 0.15690708
0.0 0.1176798 -0.07845402
0.0 0.0784532 -0.078453064
0.0784532 0.0 -0.078453064
-0.0784532 -0.0784532 0.039226532
0.0 0.0 0.039226532
-0.0392266 0.0 -0.039226532
0.0784532 0.0 0.078453064
-0.1176798 0.0392266 0.11768055
0.0392266 0.0392266 -0.07845402
-0.0392266 0.0 -0.039226532
0.0 -0.0392266 -0.039226532
0.0392266 0.0 -0.039226532
-0.0392266 0.0 0.0
0.0784532 0.0392266 -0.039226532
0.0 -0.0392266 0.078453064
-0.0392266 0.0392266 0.0
-0.0392266 0.0 0.0
-0.0392266 -0.0392266 -0.039226532
0.0392266 0.1176798 0.039226532
0.0392266 -0.1176798 -0.039226532
-0.11767979 0.0784532 -0.039226532
0.07845319 0.0 0.039226532
0.0 -0.0392266 0.117679596
0.0392266 -0.0392266 -0.078453064
0.0392266 0.0784532 0.0
-0.0784532 -0.0392266 0.0
-0.0392266 0.0392266 0.0
-0.03922659 -0.0784532 0.039226532
0.0 0.0 -0.039226532
0.0 0.0392266 -0.039226532
0.11767979 -0.0784532 0.0
-0.11767979 -0.1176798 0.0
0.11767979 0.0392266 0.0
0.0 0.1176798 -0.117679596
-0.0784532 0.0784532 0.19613266
0.0 -0.0392266 0.0
-0.03922659 -0.0784532 0.0
0.03922659 -0.1176798 0.0
-0.03922659 0.0392266 -0.039226532
0.0 0.0 -0.039226532
0.0 0.0392266 -0.078453064
0.11767979 0.1569064 -0.039226532
0.0 -0.0392266 0.117679596
0.0 -0.1176798 0.0
-0.0392266 0.0784532 0.078453064
-0.0392266 -0.0392266 -0.078453064
0.0392266 -0.0784532 0.039226532
0.0784532 0.0 -0.039226532
0.0 0.0784532 0.078453064
-0.0392266 0.0 0.078453064
-0.0784532 -0.0392266 -0.039226532
0.1176798 0.0784532 -0.078453064
-0.0784532 0.0 -0.039226532
-0.0392266 0.0392266 0.039226532
0.0784532 0.0392266 0.0
-0.0392266 -0.0784532 0.0
-0.0392266 0.0 0.039226532
-0.03922659 0.0392266 -0.078453064
0.03922659 0.0 0.039226532
-0.0784532 -0.6276256 0.0
0.0 0.5099458 0.0
0.0784532 0.0784532 -0.039226532
0.0392266 0.0784532 0.0
0.0 -0.0392266 0.078453064
-0.07845319 0.0 0.0
0.11767979 0.0 0.0
0.0784532 -0.0392266 -0.039226532
0.0 0.0 -0.078453064
-0.0784532 0.0392266 -0.078453064
-0.0784532 -0.0392266 0.039226532
0.0392266 0.0392266 0.078453064
0.0392266 -0.1176798 0.0
-0.0784532 0.0 0.117679596
-0.03922659 -0.0392266 -0.117679596
0.0 0.0784532 0.039226532
0.1569064 -0.0784532 0.039226532
0.0784532 0.0392266 -0.078453064
-0.0784532 0.1176798 0.23536015
-0.0392266 0.0 -0.039226532
-0.0784532 -0.0392266 -0.11768055
0.1176798 0.0 -0.039226532
-0.0392266 -0.0392266 0.039226532
0.0 -0.0784532 -0.039226532
0.0392266 0.0392266 0.039226532
-0.0784532 -0.0392266 -0.19613266
0.1176798 0.0784532 0.039226532
-0.0392266 -0.0392266 0.117679596
-0.0392266 0.0784532 -0.117679596
-0.0392266 0.0392266 0.039226532
0.0784532 0.0392266 0.078453064
-0.0392266 -0.1176798 -0.117679596
0.0 0.0 0.039226532
-0.0392266 -0.0784532 0.078453064
0.19613299 0.0 0.078453064
0.0392266 0.0 0.07845402
-0.19613299 0.0784532 -0.23536015
-0.0392266 0.0392266 0.039226532
0.0784532 0.0 0.117679596
0.0392266 0.0784532 0.039226532
-0.0784532 0.0 -0.078453064
0.0392266 -0.0392266 0.039226532
0.1176798 0.0 0.039226532
-0.0784532 0.0 -0.078453064
-0.0392266 -0.0784532 0.0
0.1569064 0.35303938 -0.039226532
0.1176798 -0.3138128 -0.117679596
-0.2745862 -0.3138128 0.117679596
-0.1569064 0.23535961 -0.117679596
0.19613299 0.35303938 0.039226532
0.1569064 0.2745862 0.117679596
-0.2353596 -0.3138128 -0.078453064
0.1176798 0.07845318 0.15690613
0.0784532 -0.07845318 -0.039226532
-0.2353596 -0.23535961 -0.117679596
-0.07845319 0.1569064 0.0
0.0 0.0 0.078453064
0.6276256 0.23535961 -0.31381226
0.0 -0.1569064 0.0
-0.03922662 -0.1569064 -0.58839893
0.35303938 -0.50994575 0.23535919
0.15690643 0.43149257 0.58839893
-0.2745862 0.1176798 0.4314928
-0.07845318 -0.3138128 -0.078453064
-0.117679805 0.1569064 -0.5491724
-0.35303938 0.0392266 0.0
-0.43149257 0.1569064 0.31381226
0.0 0.039226606 0.07845402
0.35303938 -0.0784532 -0.23536015
0.0 -0.1176798 -0.039226532
-0.1176798 -0.0784532 0.0
-0.1569064 0.19613299 -0.078453064
-0.1569064 0.03922659 0.31381226
-0.1569064 -0.07845319 0.11768055
-0.15690637 -0.1176798 -0.3138132
-0.117679834 -0.0784532 0.078453064
-0.39226598 -0.0392266 0.117679596
-0.58839893 0.0392266 0.15690708
-0.03922665 0.0 0.31381226
0.35303938 0.1176798 0.23536015
0.31381285 -0.1569064 0.0
-0.03922665 -0.23535958 -0.4314928
0.15690637 0.03922659 -0.117679596
0.19613302 -0.03922659 0.15690613
0.07845318 0.03922659 -0.39226627
0.07845324 -0.117679805 -0.19613266
0.19613296 0.07845321 -0.039226532
0.23535961 -0.03922659 -0.078453064
0.03922659 0.0 0.078453064
-0.07845318 -0.03922662 0.15690613
-0.5099458 -0.19613299 0.0
-0.117679775 0.07845318 -0.3530388
0.2745862 0.03922659 0.117679596
0.03922659 0.117679834 0.15690613
-0.03922659 -0.07845321 0.117679596
-0.15690643 0.0 0.117679596
0.117679834 -0.1569064 0.0
0.03922659 0.03922659 0.07845402
-0.117679834 0.19613302 0.0
0.07845324 0.03922659 -0.19613361
0.117679775 0.11767979 -0.3530388
0.39226598 -0.039226606 0.15690613
0.0784532 0.039226606 -0.039226532
-0.19613299 -0.3138128 -0.117679596
-0.3138128 -0.19613296 0.117679596
0.03922659 0.15690637 -0.039226532
0.0 0.03922659 0.31381226
-0.35303938 0.07845321 0.19613361
0.0 0.07845321 0.0
0.23535961 -0.03922662 0.15690613
0.19613296 0.03922662 -0.27458668
-0.03922659 0.0 -0.23535919
-0.07845318 -0.117679834 -0.117679596
0.0 -0.117679775 -0.23536015
-0.07845318 0.35303938 -0.15690613
0.07845318 0.07845321 0.3138132
0.117679775 -0.2745862 0.47071934
0.0 -0.392266 -0.19613361
0.07845321 -0.15690643 -0.039226532
0.1569064 0.15690643 -0.19613266
-0.117679805 0.15690643 0.078453064
-0.03922659 0.15690637 0.27458572
0.03922659 0.0 0.23536015
0.2745862 -0.117679775 0.27458572
0.0 0.07845318 -0.15690613
-0.03922659 0.1569064 -0.15690613
-0.19613299 0.1569064 0.19613266
-0.03922662 -0.07845318 0.078453064
0.35303938 -0.117679805 -0.31381226
0.1569064 0.07845321 -0.15690708
0.0 -0.03922662 0.11768055
-0.1176798 0.03922662 -0.039226532
0.1176798 -0.19613302 -0.07845402
0.0 -0.07845318 -0.039226532
-0.2353596 0.117679775 0.078453064
-0.19613299 0.2745862 0.07845402
0.0 0.0 -0.11768055
0.11767979 -0.1569064 0.11768055
-0.039226606 -0.07845321 0.117679596
0.039226606 0.03922662 -0.19613361
-0.0784532 0.07845321 -0.19613266
-0.07845318 -0.03922662 0.117679596
-0.2745862 0.07845321 0.19613361
0.15690637 0.1569064 0.0
-0.03922659 0.07845319 0.23535919
-0.03922659 0.1176798 0.0
-0.15690637 0.0392266 -0.4314928
0.07845318 0.0392266 -0.3530388
-0.19613302 -0.1176798 0.078453064
0.15690643 -0.1176798 -0.117679596
0.19613296 -0.117679805 -0.3138132
-0.117679775 0.07845321 -0.117679596
-0.19613302 0.11767979 0.31381226
0.03922665 -0.0392266 0.23536015
0.03922659 -0.07845319 0.27458572
0.0 -0.039226606 0.15690708
-0.15690643 0.039226606 -0.11768055
-0.03922659 0.03922659 0.039226532
0.0 -0.0784532 0.23536015
0.117679775 -0.0784532 0.117679596
-0.19613302 -0.03922659 0.0
0.0 -0.03922659 -0.23535919
0.27458626 -0.117679834 0.0
0.19613296 -0.15690637 0.0
-0.117679775 0.117679775 -0.27458668
-0.15690643 0.03922659 0.0
0.07845324 -0.03922659 -0.039226532
-0.19613302 0.07845321 -0.19613266
-0.23535961 0.03922659 0.117679596
-0.117679834 -0.03922659 0.0
0.117679834 0.03922659 0.078453064
0.03922665 0.0 0.15690613
-0.2745862 -0.07845321 0.039226532
-0.19613302 0.03922662 0.11768055
-0.117679834 0.0 0.078453064
0.117679834 -0.03922662 0.039226532
0.03922665 0.03922662 0.0
0.07845318 0.07845321 -0.078453064
-0.03922665 0.03922659 -0.23536015
0.03922665 0.03922659 0.0
0.31381273 -0.117679805 0.078453064
0.15690637 -0.23535958 -0.19613266
0.39226604 -0.07845318 -0.19613266
0.23535961 0.0 -0.15690613
-0.23535961 0.03922659 0.0
-0.2745862 0.15690637 0.078453064
-0.23535955 0.117679805 0.3530388
-0.07845318 -0.1569064 0.39226627
-0.03922665 0.117679805 0.117679596
-0.117679834 0.0 0.078453064
-0.15690637 -0.07845321 0.0
-0.039226532 -0.07845318 -0.039226532
0.117679715 0.03922659 0.117679596
0.117679834 0.03922659 -0.27458572
-0.03922665 0.0 -0.3138132
0.117679834 -0.07845318 0.11768055
0.15690637 -0.117679775 0.0
0.15690643 0.03922659 -0.3138132
0.2745862 0.03922659 -0.039226532
0.03922659 0.03922659 0.039226532
-0.15690637 0.03922659 0.0
-0.19613302 -0.03922659 -0.078453064
0.0 0.07845318 0.0
-0.15690637 -0.117679775 0.19613266
-0.15690649 0.0 0.19613361
-0.15690637 0.15690637 0.078453064
-0.19613302 0.03922662 -0.117679596
-0.07845318 -0.117679805 0.0
0.19613302 -0.03922659 0.078453064
0.15690637 0.03922659 0.078453064
-0.117679715 -0.03922659 0.039226532
0.15690637 0.117679775 0.19613266
0.47071916 -0.19613296 0.19613361
-0.03922659 0.03922659 -0.23536015
-0.31381273 0.07845318 -0.3530388
-0.4314927 0.07845318 -0.19613361
-0.117679715 0.15690643 0.117679596
0.0 0.0 0.039226532
0.0 0.0 -0.117679596
0.117679715 -0.07845321 0.0
-0.117679715 -0.07845321 -0.078453064
-0.07845318 0.03922662 0.0
0.07845318 0.0 -0.078453064
0.23535955 -0.03922662 -0.19613266
0.2745862 -0.07845318 0.19613266
-0.03922665 -0.117679775 0.117679596
-0.15690637 0.117679775 -0.078453064
0.0 -0.07845318 0.15690613
-0.07845318 0.07845318 0.23536015
0.07845318 0.1569064 0.117679596
0.117679834 0.117679805 -0.23535919
-0.07845318 -0.19613302 -0.15690708
-0.07845318 -0.15690637 -0.117679596
-0.117679834 0.03922659 0.15690613
0.07845318 0.117679775 0.3138132
0.0 -0.07845318 0.27458572
0.9414384 -0.47071916 -0.15690613
-0.15690637 0.50994575 -0.19613266
-0.03922659 0.15690643 0.0
-0.03922665 -0.03922662 -0.47071934
-0.58839893 0.0 -0.27458668
-0.43149257 -0.117679805 0.15690708
-0.15690637 0.19613302 0.31381226
-0.03922677 0.11767979 0.23536015
0.0 -0.2745862 0.19613266
0.0784533 -0.15690637 0.039226532
-0.1961329 0.07845318 0.15690613
-0.23535967 0.117679805 -0.117679596
0.0 -0.07845321 -0.39226627
0.078453064 0.07845321 -0.23535919
0.23535967 0.19613299 0.27458668
0.35303938 0.117679805 0.15690613
0.31381285 0.0 -0.078453064
0.117679715 -0.0784532 -0.078453064
0.23535967 0.0784532 -0.3138132
0.117679775 0.19613299 0.19613266
-0.07845324 0.1176798 0.15690708
-0.117679715 -0.1569064 0.0
0.0 -0.1176798 0.31381226
-0.117679834 -0.0392266 0.039226532
-0.07845318 -0.0784532 -0.19613266
0.15690637 0.0784532 -0.3138132
0.0 0.19613299 -0.23535919
0.2745862 -0.1176798 0.117679596
0.19613302 -0.0784532 0.27458668
0.03922659 -0.03922659 0.0
0.3138128 -0.039226606 -0.15690708
0.3138128 0.0784532 -0.27458572
0.2745862 -0.0784532 0.0
0.588399 0.1176798 0.27458572
0.0 0.2745862 0.27458668
0.23535955 0.0 -0.15690613
0.0 0.117679805 0.0
-0.43149257 -0.6668522 0.27458572
-0.1569064 -0.15690643 -0.39226627
-0.07845321 0.117679805 -0.39226532
-0.15690638 0.35303938 -0.23536015
-0.1569064 0.2353596 -0.078453064
-0.19613299 0.19613299 0.117679596
0.0392266 0.0 -0.078453064
0.1176798 -0.03922659 0.039226532
0.0784532 0.0 0.078453064
0.07845319 -0.117679805 0.23536015
-0.1569064 0.1569064 0.117679596
-0.70607877 0.23535961 0.19613266
-0.15690643 -0.4707192 0.4314928
0.588399 -0.50994575 -0.4314928
0.5491724 -0.03922662 -0.15690613
0.47071916 0.23535961 0.23535919
0.8237586 0.23535958 0.19613361
0.15690637 0.0392266 -0.23536015
-0.70607877 -0.0392266 -0.39226532
-0.58839893 0.2745862 0.039226532
-0.2745862 -0.0784532 0.27458572
0.117679805 -0.039226606 0.39226627
-0.117679805 0.039226606 0.078453064
-0.1569064 0.039226606 -0.19613266
-0.0784532 0.0 -0.039226532
-0.19613299 -0.039226606 0.078453064
0.1569064 -0.35303938 0.039226532
0.1569064 -0.19613299 0.117679596
0.0784532 -0.23535961 0.27458668
0.1569064 0.07845321 0.039226532
-0.117679805 -0.07845321 -0.23536015
-0.19613299 0.15690643 -0.039226532
-0.2353596 0.27458617 -0.23535919
0.039226606 0.0784532 -0.23536015
0.07845319 0.0 -0.15690613
-0.07845319 0.1176798 -0.23535919
-0.07845321 0.0392266 -0.078453064
0.23535961 0.0 -0.039227486
0.19613299 -0.1569064 0.19613361
-0.19613299 0.0 0.117679596
-0.1569064 0.0 0.15690613
0.0 0.19613299 0.039226532
0.0 -0.0392266 0.15690708
-0.07845321 -0.0784532 0.31381226
0.039226606 -0.1176798 0.0
0.0 0.0784532 -0.15690613
-0.0784532 0.0784532 -0.19613266
0.0 0.0 -0.19613361
0.3138128 0.0392266 -0.078453064
-0.0392266 -0.0784532 0.078453064
0.0 -0.1176798 -0.117679596
-0.1176798 -0.11767979 -0.3138132
-0.03922659 0.03922659 0.11768055
0.0 0.0 0.19613266
-0.07845321 -0.03922659 0.0
0.07845321 0.0 0.117679596
-0.039226606 -0.039226606 0.0
-0.039226606 -0.15690638 0.27458668
0.2745862 -0.2745862 0.15690613
0.2353596 0.07845318 -0.35303974
-0.0784532 0.2745862 -0.5491724
-0.2353596 0.19613299 -0.078453064
0.0784532 -0.0392266 0.3138132
0.1176798 -0.0784532 0.27458572
-0.1569064 -0.039226606 0.117679596
-0.1569064 0.0 0.039227486
0.11767979 0.117679805 -0.19613361
0.0 0.1569064 -0.27458572
-0.1569064 0.1569064 -0.078453064
-0.0784532 0.03922659 0.117679596
-0.03922659 -0.03922659 0.31381226
0.11767979 -0.1569064 0.11768055
0.2745862 -0.0392266 -0.23536015
0.0784532 -0.0392266 -0.15690613
-0.2353596 0.0784532 -0.15690613
-0.07845319 -0.0392266 0.0
0.23535958 -0.1176798 -0.15690708
0.0784532 -0.1569064 0.0
-0.19613299 0.0 0.078453064
-0.0392266 0.19613299 0.3138132
-0.1176798 -0.1569064 0.23535919
-0.039226606 -0.07845318 -0.039226532
-0.117679775 -0.03922659 -0.3530388
0.03922659 0.03922659 0.078453064
0.50994575 0.3138128 0.23535919
0.19613299 -0.47071922 0.15690708
-0.23535958 -0.27458614 0.117679596
-0.35303938 0.0 0.039226532
-0.2745862 0.0 -0.078453064
-0.6276255 0.07845318 0.117679596
-0.07845318 0.03922659 0.117679596
0.43149257 0.03922659 -0.117679596
0.50994575 0.07845318 -0.62762547
-0.5491724 0.03922659 0.27458572
-0.15690637 -0.07845318 0.4314928
0.07845318 -0.117679775 0.19613266
0.23535961 0.07845318 0.07845402
-0.23535961 0.07845318 0.039226532
0.15690643 -0.117679775 -0.50994587
0.5491724 0.0 -0.11768055
0.07845319 -0.07845318 0.07845402
-0.4314926 0.15690637 0.039226532
-0.3138128 0.03922659 -0.078453064
0.23535961 -0.07845318 0.0
0.2745862 -0.03922659 -0.23536015
-0.07845321 0.15690637 -0.31381226
-0.117679805 0.15690643 -0.19613361
0.0 0.0 0.35303974
0.2745862 -0.07845321 0.4314928
0.23535961 -0.117679805 0.078453064
0.1176798 0.03922659 -0.4314928
0.11767979 0.07845321 -0.039226532
0.039226606 0.07845321 0.27458572
-0.1176798 0.07845318 -0.117679596
-0.1176798 -0.03922659 -0.15690613
0.1176798 0.0 0.0
0.1176798 0.0 0.039226532
-0.1176798 -0.03922659 0.117679596
0.0392266 0.03922659 0.0
0.0784532 0.03922659 -0.117679596
-0.0784532 0.039226606 -0.117679596
0.0 0.0 0.078453064
0.0 -0.11767979 0.039226532
0.117679805 0.0 0.117679596
0.0 0.03922659 0.0
-0.039226606 -0.117679805 0.117679596
-0.0784532 0.117679805 0.3138132
-0.1176798 -0.03922659 0.15690613
0.1569064 -0.03922659 0.27458668
0.07845321 -0.15690643 0.31381226
0.117679775 0.03922659 0.11768055
-0.07845318 0.15690643 -0.039227486
0.03922659 0.11767979 -0.27458572
0.0 -0.0784532 -0.5491724
0.0 0.1569064 -0.47071934
-0.1569064 0.1176798 -0.31381226
0.0 -0.0392266 -0.11768055
-0.03922659 -0.11767979 0.19613361
-0.1569064 -0.07845321 -0.078453064
0.1176798 0.039226606 0.039226532
0.0 -0.039226606 0.15690613
0.1176798 -0.03922659 0.0
-0.039226606 0.0 0.039226532
0.07845321 0.0784532 0.23535919
0.03922659 0.039226606 -0.078453064
-0.03922659 0.07845319 -0.23535919
-0.039226606 0.19613299 0.039226532
0.0 -0.0784532 0.117679596
0.039226606 -0.0784532 0.23536015
0.03922659 -0.0392266 0.117679596
0.03922659 -0.0392266 -0.117679596
0.0 -0.03922659 -0.11768055
-0.03922659 -0.07845321 0.039226532
-0.0784532 0.07845321 -0.078453064
-0.1176798 0.0 -0.23535919
0.0 0.0 -0.117679596
0.0 0.03922659 0.23535919
0.1176798 0.0392266 0.27458668
0.0784532 -0.1176798 0.117679596
0.03922659 -0.039226606 -0.039226532
0.0 -0.03922659 -0.11768055
-0.1569064 0.03922659 -0.117679596
-0.11767979 0.117679805 -0.15690613
0.0 0.0392266 0.117679596
0.0392266 0.0 0.117679596
0.1176798 -0.1176798 0.039226532
0.039226606 -0.0784532 -0.039226532
0.07845318 0.0784532 -0.23535919
-0.03922659 0.0784532 0.078453064
-0.2353596 0.0784532 0.0
-0.0392266 -0.0784532 0.15690613
0.0392266 0.0 0.07845402
0.11767979 -0.03922659 -0.19613361
0.07845321 0.0 -0.27458572
0.07845318 0.03922659 0.117679596
0.03922659 -0.0784532 0.15690613
-0.03922659 -0.039226606 0.15690613
-0.03922659 0.039226606 0.0
-0.03922659 0.0 0.039227486
0.07845318 -0.039226606 0.039226532
-0.07845318 0.07845321 -0.11768055
-0.039226606 0.03922659 0.0
0.0 0.0 0.11768055
-0.039226606 -0.0784532 -0.07845402
0.117679805 -0.039226606 -0.19613266
0.07845318 0.117679805 -0.039226532
-0.07845318 0.0 0.19613266
-0.03922659 -0.0784532 0.15690708
0.07845318 -0.039226606 -0.11768055
-0.03922659 0.0 0.0
0.07845318 0.039226606 -0.039226532
-0.03922659 -0.039226606 -0.078453064
-0.03922659 0.07845321 0.0
-0.1569064 0.03922659 0.0
-0.0392266 -0.0784532 0.117679596
0.0392266 -0.0784532 -0.078453064
0.1569064 0.0 -0.039226532
0.03922659 0.03922659 0.117679596
0.0 0.07845321 -0.117679596
-0.11767979 0.07845319 0.078453064
-0.1569064 -0.07845319 0.039226532
0.0392266 0.0 0.0
0.07845319 -0.039226606 0.0
0.117679805 -0.039226606 -0.117679596
0.03922659 0.039226606 -0.078453064
-0.03922659 -0.039226606 0.078453064
0.03922659 0.0 0.039226532
0.0 -0.03922659 0.11768055
0.0 0.03922659 0.039226532
0.0 0.039226606 0.0
-0.1569064 0.0 -0.11768055
-0.11767979 0.0 -0.117679596
0.0392266 -0.039226606 -0.117679596
0.07845319 0.117679805 0.23535919
0.117679805 -0.03922659 0.27458668
0.117679805 -0.039226606 -0.039226532
-0.03922662 -0.039226606 -0.27458668
-0.07845318 0.07845321 -0.117679596
0.0 0.0 0.27458668
-0.0784532 0.0 0.0
-0.0784532 -0.039226606 -0.039226532
-0.2353596 -0.039226606 -0.3138132
0.0784532 0.039226606 -0.117679596
0.19613299 -0.0784532 0.19613266
0.1569064 0.03922659 0.3138132
0.07845321 0.0 -0.078453064
-0.03922662 -0.03922659 -0.19613361
-0.15690638 0.0 -0.078453064
-0.19613299 -0.03922659 0.078453064
-0.0392266 0.0 0.078453064
-0.0392266 0.03922659 -0.117679596
0.0784532 -0.07845318 -0.117679596
0.0784532 0.03922659 0.27458572
0.1176798 -0.117679805 0.07845402
0.0 -0.07845321 0.0
-0.039226606 0.03922659 -0.07845402
-0.19613299 0.117679834 -0.19613266
-0.0784532 0.0 0.117679596
-0.11767979 -0.07845321 0.117679596
0.11767979 -0.03922662 0.15690708
-0.11767979 -0.07845318 -0.15690708
0.0 -0.03922659 -0.19613266
0.07845319 -0.03922659 0.117679596
-0.0392266 0.03922659 0.15690708
0.0 0.0 -0.039226532
-0.1569064 0.07845318 -0.15690708
-0.19613302 -0.07845318 -0.117679596
-0.07845318 0.07845318 0.117679596
0.03922659 0.03922659 0.117679596
-0.117679775 0.03922662 0.07845402
0.03922659 -0.117679805 0.0
0.03922659 0.0 -0.19613361
0.03922659 0.0 -0.117679596
0.0 -0.07845318 0.15690613
0.03922659 -0.07845318 0.039226532
0.0 0.117679775 0.15690708
0.0 0.07845318 0.039226532
-0.15690637 0.07845321 -0.117679596
-0.03922659 0.03922659 -0.039227486
-0.117679834 -0.03922659 0.19613361
0.117679834 0.07845321 0.078453064
-0.07845318 0.0 -0.078453064
-0.07845324 0.03922659 -0.078453064
0.07845324 -0.07845321 -0.15690708
-0.03922665 0.0 0.0
-0.07845318 0.0 -0.117679596
-0.07845318 0.07845321 -0.039226532
-0.15690637 0.07845318 0.0
-0.07845318 -0.03922659 0.078453064
-0.03922665 -0.03922659 0.117679596
-0.07845318 0.07845318 -0.15690613
-0.03922665 0.07845321 -0.039226532
0.03922665 -0.07845321 0.15690613
-0.03922665 -0.03922659 -0.039226532
0.15690649 -0.03922659 -0.039226532
0.0 -0.03922659 0.0
0.07845318 0.03922659 -0.078453064
0.117679715 -0.03922659 0.078453064
0.07845324 0.0 0.078453064
0.0 0.03922659 0.039226532
-0.07845324 0.07845318 0.0
-0.07845318 -0.03922659 0.07845402
-0.039226532 0.0 0.078453064
0.039226532 0.03922659 -0.078453064
-0.039226532 0.0 -0.11768055
0.07845318 0.0 -0.039226532
0.039226532 0.0 -0.039226532
0.03922665 -0.03922659 -0.078453064
-0.03922665 0.03922659 0.23536015
-0.039226532 0.07845321 0.0
0.039226532 0.19613299 -0.07845402
0.03922665 -0.1569064 0.0
0.03922659 -0.117679805 0.11768055
-0.07845324 0.1569064 0.0
0.03922665 0.0392266 -0.039226532
-0.07845318 0.0784532 -0.23536015
-0.07845318 0.0392266 0.117679596
-0.07845318 0.0 0.11768055
-0.0784533 0.0784532 -0.039227486
0.0 -0.0784532 0.07845402
-0.07845318 0.0392266 -0.039226532
0.0 -0.1176798 -0.07845402
0.0 -0.0392266 -0.23535919
0.03922665 -0.0784532 -0.078453064
0.039226532 -0.03922659 0.19613266
0.15690649 0.07845319 0.19613361
0.0 -0.0392266 0.0
-0.07845318 0.0784532 0.078453064
-0.03922665 0.0784532 -0.15690708
-0.117679834 0.1176798 -0.117679596
0.03922665 0.07845319 -0.039226532
-0.03922665 0.039226606 0.117679596
0.117679834 0.0 0.11768055
0.07845318 -0.039226606 0.039226532
0.07845318 0.039226606 0.19613266
0.03922665 0.0784532 -0.19613266
-0.117679834 0.0 -0.15690708
-0.39226592 -0.0784532 -0.039226532
0.039226532 0.039226606 0.039226532
0.117679834 0.03922659 -0.039226532
0.117679715 -0.03922659 -0.15690613
0.03922665 0.0 0.0
0.03922665 0.07845318 0.0
0.039226532 0.0 0.117679596
0.117679834 0.117679805 0.078453064
0.039226532 0.0 0.039226532
0.0 0.03922662 0.07845402
-0.039226532 0.07845318 -0.3138132
0.0 0.0 0.078453064
-0.117679834 0.03922659 0.0
0.07845318 0.07845318 0.23536015
0.19613302 0.03922659 0.15690613
-0.03922659 0.0 -0.19613361
0.0 0.0 -0.23535919
0.15690643 0.0 -0.039226532
0.07845318 0.0 0.078453064
0.19613296 -0.03922659 -0.078453064
0.03922662 -0.03922659 -0.15690613
-0.03922662 -0.03922659 -0.078453064
0.15690643 -0.117679775 0.23535919
0.03922659 0.0 0.117679596
0.03922659 -0.03922662 0.15690613
0.039226606 -0.03922659 0.039227486
0.2353596 0.03922659 -0.19613361
0.0784532 -0.03922659 -0.039226532
-0.0784532 0.0 0.15690613
0.1176798 -0.1569064 0.039226532
0.07845319 0.07845318 -0.19613266
0.117679805 0.0 0.039226532
0.07845318 -0.03922659 0.0
0.0 -0.0784532 0.078453064
-0.03922659 -0.0784532 0.11768055
0.03922659 0.0 0.15690613
0.03922662 -0.0392266 -0.039226532
0.07845321 0.07845319 -0.078453064
0.07845318 -0.03922659 -0.19613361
0.0 0.03922659 -0.15690613
0.07845318 -0.11767979 0.0
0.0 -0.1176798 0.19613266
0.23535961 -0.1176798 -0.078453064
0.0 -0.0784532 0.0
-0.15690643 -0.0784532 -0.27458572
-0.15690637 -0.1569064 -0.117679596
-0.117679805 -0.1569064 0.47071838
0.23535958 -0.117679775 0.19613361
0.07845318 -0.117679834 0.15690613
0.117679834 -0.07845318 0.27458572
-0.03922659 0.0 0.11768055
-0.07845324 -0.15690643 -0.19613361
-0.19613296 -0.039226532 -0.19613266
0.0 -0.03922665 -0.078453064
0.07845318 -0.117679834 -0.19613361
0.0 -0.117679715 -0.15690613
-0.19613299 0.0 -0.078453064
-0.117679805 -0.07845318 0.078453064
0.03922659 -0.07845318 0.35303974
0.0 0.039226532 0.15690613
-0.07845318 0.07845318 -0.117679596
0.0 0.07845318 -0.27458668
-0.3138128 -0.15690637 -0.117679596
-0.2353596 -0.039226532 0.0
-0.039226606 0.0 0.15690613
0.039226606 0.0 0.27458668
-0.11767979 -0.117679834 0.19613266
0.07845318 -0.07845318 -0.039226532
0.0 0.0 0.039226532
-0.07845318 0.0 -0.117679596
-0.15690643 -0.117679834 -0.27458572
-0.117679775 0.19613302 -0.039226532
-0.03922659 0.0 0.039226532
-0.19613302 0.117679834 0.078453064
-0.15690643 0.039226532 0.0
-0.23535955 0.23535955 0.039226532
-0.23535955 0.0 0.078453064
0.039226532 0.117679834 -0.078453064
-0.07845318 0.0 -0.078453064
-0.039226532 0.03922665 -0.039226532
0.039226532 -0.117679834 -0.11768055
0.117679834 -0.03922665 -0.039226532
0.0 -0.039226532 0.11768055
-0.07845318 -0.07845318 0.19613266
-0.19613302 0.07845318 0.19613266
-0.07845318 0.117679834 -0.039226532
0.19613302 0.23535955 -0.078453064
-0.03922665 0.07845318 0.23535919
0.03922665 0.03922659 -0.078453064
-0.0784533 0.07845324 -0.39226532
-0.23535955 0.35303935 -0.3138132
0.03922665 -0.03922659 -0.23535919
0.31381273 0.0 -0.078453064
0.07845318 0.07845321 0.15690613
0.15690637 0.117679775 0.0
0.117679834 0.23535961 0.078453064
0.19613302 0.1569064 0.078453064
0.15690637 0.07845319 0.078453064
-0.117679775 0.19613299 -0.19613266
0.03922659 -0.03922659 -0.039226532
0.19613302 0.0 0.4314928
0.35303938 0.03922659 0.117679596
0.07845318 -0.07845318 -0.117679596
0.0 0.0 0.039226532
-0.03922659 -0.0784532 -0.15690708
0.1569064 -0.0784532 0.039226532
0.0392266 -0.0784532 -0.039226532
0.1176798 -0.1569064 -0.078453064
0.0784532 0.0 0.0
0.196133 0.0 0.117679596
0.03922659 0.0784532 0.27458668
0.03922659 0.0784532 -0.117679596
0.0 -0.1569064 -0.19613361
0.07845321 -0.0784532 0.0
0.07845321 0.0392266 -0.117679596
0.07845318 -0.0392266 0.039226532
0.0 -0.03922659 0.078453064
0.03922659 0.0 0.0
0.07845318 -0.07845321 0.078453064
0.19613302 -0.03922659 0.23536015
0.15690637 0.0 0.078453064
0.0 -0.1569064 0.0
-0.039226532 -0.03922662 0.0
0.117679715 0.03922662 -0.27458572
-0.039226532 -0.117679805 0.0
-0.117679834 -0.03922659 -0.039227486
-0.07845318 -0.03922659 -0.039226532
-0.03922659 -0.23535961 0.15690708
0.117679775 0.03922659 0.0
-0.117679775 0.03922659 0.0
-0.19613302 -0.07845318 -0.078453064
-0.03922659 -0.15690637 0.078453064
0.0 -0.03922665 -0.039226532
0.0 -0.07845318 0.27458572
0.07845318 0.0 0.078453064
-0.117679775 0.0 -0.31381226
0.0 -0.07845318 -0.078453064
-0.07845318 -0.19613302 -0.11768055
0.0 -0.07845318 0.11768055
-0.07845321 0.117679834 0.19613266
0.07845321 0.07845318 0.0
-0.07845321 -0.07845318 0.039226532
-0.196133 -0.03922665 -0.117679596
-0.1176798 0.117679834 0.039226532
0.07845319 0.117679834 0.117679596
-0.07845319 0.039226532 -0.039226532
0.0392266 -0.039226532 -0.35303974
-0.1569064 -0.03922665 -0.15690613
-0.0784532 -0.117679834 -0.039226532
-0.0392266 -0.039226532 0.19613266
0.1176798 0.0 -0.078453064
-0.0784532 -0.03922665 0.19613361
-0.1569064 0.15690637 -0.039227486
-0.039226606 0.117679834 -0.039226532
0.039226606 0.15690637 0.11768055
0.039226606 0.07845324 -0.07845402
0.0 0.07845318 -0.23535919
0.0 0.03922659 -0.117679596
0.11767979 0.07845324 0.19613266
0.1569064 -0.07845324 0.0
0.0392266 -0.07845318 0.078453064
0.1176798 -0.07845318 0.15690708
0.0784532 0.03922659 0.15690613
0.0 -0.03922659 -0.117679596
-0.03922659 -0.117679834 -0.15690708
-0.039226606 0.03922665 -0.078453064
-0.0784532 0.0 0.078453064
0.0 0.0 -0.078453064
-0.0392266 0.15690637 -0.039226532
-0.0784532 -0.03922659 0.039226532
0.0392266 0.117679775 0.078453064
0.0392266 0.07845324 -0.039226532
0.0392266 0.0 0.078453064
-0.0392266 0.0 -0.078453064
-0.0784532 -0.07845324 0.078453064
0.0 0.0 -0.039226532
0.1176798 -0.07845318 0.0
-0.1569064 -0.07845318 0.0
-0.0392266 -0.03922665 -0.039226532
0.1176798 0.0 0.039226532
0.1569064 0.0 0.07845402
0.0 0.0 0.039226532
-0.1569064 0.03922665 -0.07845402
-0.1569064 0.03922659 0.0
0.0392266 0.0 -0.039226532
0.1176798 0.03922659 0.0
0.0784532 -0.03922659 0.0
0.1569064 0.03922659 -0.078453064
0.0 0.15690643 -0.19613266
0.0 0.117679775 0.19613266
-0.03922659 -0.117679775 0.15690708
0.3138128 -0.15690643 0.078453064
0.47071916 -0.23535955 0.43149185
0.23535967 -0.07845318 0.039227486
-0.15690649 0.0 -0.47071934
-0.35303938 -0.15690649 -0.666852
-0.19613296 0.0 -0.07845402
0.0 0.0 0.58839893
-0.03922659 0.03922665 0.19613361
-0.03922659 0.0 -0.078453064
0.03922659 0.0 0.19613266
0.03922659 0.07845318 0.0
0.117679775 0.0 0.0
0.0 0.0 0.039226532
-0.07845318 0.15690637 -0.15690613
0.0 0.07845318 -0.078453064
0.0 0.07845324 -0.11768055
0.03922659 0.0 0.0
-0.117679775 0.03922659 0.0
-0.07845321 0.07845318 0.11768055
-0.03922659 0.0 0.19613266
0.07845321 -0.15690637 -0.15690613
0.0 -0.07845318 -0.15690708
0.03922659 -0.07845318 -0.039226532
-0.117679805 -0.03922665 0.039226532
-0.03922662 -0.23535955 0.0
0.0 -0.15690637 -0.078453064
-0.07845318 0.039226532 0.078453064
0.03922659 0.23535955 0.11768055
-0.03922659 0.19613302 -0.11768055
0.03922659 0.19613302 -0.117679596
0.117679805 0.07845318 0.078453064
0.117679805 0.117679834 0.0
0.07845318 0.07845318 0.039226532
-0.15690637 -0.15690637 0.0
-0.15690643 -0.117679834 0.23536015
0.07845321 -0.15690637 0.0
0.07845321 -0.03922665 0.0
-0.03922662 0.0 -0.039226532
-0.07845321 0.0 0.0
0.0 0.0 0.078453064
-0.117679775 0.07845318 0.0
0.07845318 0.15690643 -0.27458668
0.0 -0.03922659 0.0
0.03922659 -0.07845318 0.0
-0.117679775 -0.117679834 0.11768055
-0.196133 0.07845318 0.117679596
0.0 -0.07845318 0.078453064
0.0784532 0.23535961 -0.117679596
-0.0784532 0.23535961 -0.117679596
0.0 0.19613299 0.117679596
0.0 0.03922662 -0.3138132
-0.0392266 0.07845318 -0.117679596
-0.0392266 -0.117679805 0.0
-0.0784532 -0.23535958 0.19613266
-0.0392266 0.03922659 -0.117679596
0.2745862 0.117679775 0.039226532
0.1569064 -0.117679775 -0.078453064
0.07845318 -0.43149257 -0.078453064
0.0 -0.39226604 0.0
0.15690643 0.23535967 0.19613266
0.15690637 -0.0784533 0.19613361
0.19613302 0.117679834 0.23535919
0.19613302 0.0 0.117679596
-0.23535961 0.39226604 0.039226532
-0.35303938 0.23535955 0.15690708
-0.117679834 0.19613302 0.0
-0.39226598 0.03922659 -0.23536015
-0.1569064 0.3138128 -0.31381226
0.0 0.0392266 -0.23536015
0.2353596 -0.0784532 -0.23535919
0.0784532 -0.1176798 -0.039226532
0.19613299 -0.03922659 -0.19613361
0.03922659 -0.039226606 0.11768055
-0.07845318 -0.039226606 0.117679596
0.117679805 0.1569064 0.078453064
0.31381276 -0.07845319 0.039226532
0.117679834 -0.039226606 0.0
-0.03922659 -0.039226606 -0.039226532
-0.19613302 -0.03922659 0.31381226
-0.19613299 -0.07845318 -0.039226532
-0.196133 0.15690638 0.0
-0.039226606 0.1176798 0.07845402
0.07845321 0.0392266 -0.07845402
0.19613299 0.1176798 -0.19613266
-0.03922659 0.0 -0.19613266
0.0 0.0 -0.039226532
0.0 0.0392266 0.47071838
-0.1569064 0.0392266 0.0
0.03922659 0.0 -0.078453064
0.03922659 -0.0392266 -0.078453064
0.39226598 -0.1176798 -0.19613266
-0.03922659 -0.1176798 -0.078453064
-0.43149257 -0.0784532 0.078453064
-0.3138128 -0.0784532 0.27458572
-0.1176798 0.0 0.23536015
0.0 -0.23535961 0.0
0.0392266 -0.3138128 0.117679596
0.0784532 -0.27458614 0.078453064
-0.0392266 -0.117679834 0.0
-0.0784532 0.19613302 -0.117679596
0.1176798 0.117679775 0.078453064
0.19613299 -0.117679775 -0.23535919
0.1569064 -0.117679834 0.3530388
0.3138128 -0.19613302 0.27458668
-0.03922659 -0.15690637 -0.117679596
0.0 0.03922665 -0.15690708
0.03922659 0.0 0.0
0.15690637 0.039226532 -0.117679596
-0.07845318 -0.117679715 -0.23535919
-0.3138128 -0.03922665 -0.039226532
-0.07845318 -0.15690637 0.0
0.03922659 0.19613302 -0.07845402
0.15690643 -0.03922665 -0.117679596
0.15690637 0.03922665 0.15690613
0.117679775 0.039226532 -0.117679596
0.0 0.03922665 -0.117679596
-0.07845318 0.0 0.117679596
-0.117679775 -0.03922665 0.23536015
0.23535961 -0.07845318 -0.11768055
0.117679775 0.117679834 0.15690708
-0.117679775 -0.07845318 0.15690613
0.03922659 -0.0784533 0.078453064
-0.117679834 0.03922665 0.039226532
0.117679834 0.23535955 -0.039226532
0.23535961 0.07845318 -0.039226532
0.35303938 0.03922665 0.039226532
0.039226532 -0.03922665 0.0
-0.039226532 -0.117679715 -0.078453064
-0.03922665 0.0 0.078453064
-0.07845318 -0.03922665 0.078453064
0.0 0.117679834 -0.117679596
-0.039226532 0.07845318 -0.15690613
-0.0784533 -0.117679834 0.0
-0.039226532 0.15690649 -0.117679596
-0.15690637 0.0 -0.07845402
-0.117679834 -0.03922665 0.039227486
-0.07845318 0.23535955 0.15690613
0.0 -0.07845318 0.039226532
0.07845318 -0.15690637 -0.15690613
0.07845318 -0.03922665 -0.15690708
0.03922665 0.117679834 -0.117679596
-0.07845324 -0.117679834 -0.117679596
0.35303944 0.0 -0.117679596
0.117679715 -0.117679715 0.039226532
0.07845318 -0.117679834 0.3530388
-0.039226532 -0.117679834 0.3138132
-0.07845318 -0.23535955 0.078453064
-0.07845318 0.117679834 0.039226532
-0.03922665 0.19613302 -0.039226532
0.0 0.23535955 -0.039226532
0.15690637 0.0 0.039226532
0.0 0.07845318 -0.078453064
-0.31381273 0.03922665 0.0
-0.03922665 0.15690637 0.0
0.07845318 0.07845318 -0.117679596
0.15690649 0.0 0.0
0.0 -0.03922665 0.0
0.0 -0.039226532 0.117679596
0.039226532 0.0 0.039226532
-0.039226532 -0.07845318 -0.15690613
0.07845318 -0.15690649 0.0
0.039226532 0.0784533 0.078453064
-0.117679715 0.117679715 -0.117679596
-0.23535967 0.03922665 -0.15690708
-0.23535955 -0.07845318 0.07845402
0.07845318 -0.15690649 0.117679596
0.19613302 0.0 0.19613266
-0.23535961 -0.07845318 -0.27458572
0.03922659 0.39226604 -0.11768055
0.7453054 -0.23535955 -0.27458572
0.117679715 -0.47071922 0.15690613
-0.7453053 0.039226532 0.0
-0.5491724 -0.117679715 0.19613361
-0.07845321 -0.117679834 0.039226532
0.5099458 0.19613302 -0.11768055
0.03922659 0.039226532 0.15690708
-0.19613302 0.0 0.27458572
0.117679834 -0.07845318 0.15690613
0.54917234 0.07845318 -0.039226532
0.47071922 -0.039226532 -0.15690613
-0.23535955 0.19613302 0.0
-0.23535967 0.07845318 -0.117679596
0.03922665 0.07845318 0.117679596
-0.03922665 0.0 -0.039226532
-0.2745862 -0.23535955 0.117679596
-0.27458614 -0.15690649 0.039226532
-0.03922659 -0.07845318 0.11768055
-0.03922665 0.0 -0.15690708
-0.03922659 0.03922665 -0.19613266
-0.03922659 0.07845318 -0.039226532
-0.19613296 0.19613302 0.0
0.117679775 0.15690637 0.078453064
0.19613302 -0.07845318 0.078453064
-0.117679834 -0.15690637 -0.039226532
0.15690643 0.039226532 -0.039226532
0.35303932 0.07845318 -0.078453064
0.47071922 -0.039226532 -0.15690613
0.43149257 0.07845318 0.039226532
0.3530395 0.117679715 0.039226532
0.23535943 0.19613302 0.117679596
0.0 0.0 -0.078453064
-0.23535943 0.117679834 0.0
-0.15690637 -0.15690637 0.078453064
0.078453064 0.0 -0.078453064
0.19613314 0.0 -0.15690708
0.0 -0.117679834 0.0
0.1961329 -0.2745862 -0.3530388
0.58839893 -0.2745862 -0.74530506
0.15690637 -0.1961329 0.0
-0.43149257 0.078453064 -0.27458668
-0.39226604 -0.039226532 0.15690613
-0.31381273 -0.15690637 0.11768055
-0.31381273 -0.117679834 0.5099449
-0.35303938 0.1961329 0.39226627
-0.23535967 0.117679834 0.15690613
-0.35303938 0.03922665 0.11768055
-0.15690637 0.0 0.23535919
-0.15690637 0.15690637 0.23535919
-0.117679834 0.03922665 0.27458668
-0.19613296 -0.03922665 0.19613266
-0.03922662 -0.039226532 0.15690708
-0.07845321 0.039226532 -0.039226532
-0.15690638 0.03922665 -0.07845402
-0.1176798 -0.15690637 -0.117679596
0.0 0.039226532 -0.078453064
0.07845319 0.07845318 0.15690613
0.19613299 -0.15690637 -0.19613266
-0.03922659 0.0 -0.27458668
-0.03922659 0.0 -0.23535919
-0.117679805 -0.03922665 -0.078453064
0.19613299 -0.117679834 0.19613266
-0.03922659 -0.117679596 -0.078453064
0.117679805 -0.0784533 0.078453064
0.117679805 -0.1961329 0.0
0.3138128 -0.117679834 -0.039226532
0.03922659 0.039226532 -0.15690613
0.19613296 -0.0784533 -0.23536015
-0.117679715 0.1569066 -0.15690613
0.0 -0.0784533 0.039226532
0.15690637 -0.039226532 0.0
0.0 -0.23535967 0.4314928
0.039226532 -0.1961329 0.117679596
0.15690649 0.0 0.3138132
0.07845318 0.039226532 0.15690613
-0.117679834 -0.4707191 0.117679596
-0.07845318 0.078453064 0.11768055
-0.03922665 0.0 0.27458572
0.117679834 -0.078453064 0.3138132
-0.23535955 0.15690637 0.0
0.0 0.078453064 -0.039226532
0.07845318 0.03922677 0.078453064
0.31381273 0.078453064 -0.039226532
0.19613302 0.0 -0.3138132
0.15690637 0.039226532 -0.3138132
0.0784533 0.0 -0.23535919
-0.0784533 0.0784533 -0.23535919
0.117679834 0.039226532 -0.11768055
0.039226532 -0.039226532 -0.078453064
-0.039226532 0.15690637 -0.15690613
-0.19613302 -0.15690637 0.0
0.0 0.0 0.62762547
0.07845318 -0.23535967 -0.4314928
-0.039226532 -0.117679834 0.27458668
-0.2745862 -0.1961329 0.27458572
-0.15690637 -0.15690637 -0.15690613
-0.07845318 0.0 -0.27458572
0.07845318 -0.117679834 -0.15690708
-0.07845318 0.039226532 0.078453064
-0.19613302 -0.039226532 0.3138132
-0.03922665 0.50994587 -0.117679596
-0.15690637 0.0 0.0
-0.03922659 0.078453064 0.078453064
0.07845318 0.0784533 0.039226532
-0.19613302 0.117679834 -0.27458668
-0.117679775 0.039226532 0.07845402
0.3138128 0.078453064 0.0
0.19613296 -0.23535943 -0.039226532
-0.23535955 -0.039226532 -0.19613361
-0.15690643 0.078453064 -0.15690613
-0.07845318 -0.15690637 -0.078453064
0.2745862 -0.117679834 0.0
0.35303944 0.0784533 0.27458572
0.117679715 -0.23535967 0.35303974
-0.50994575 -0.15690637 0.19613266
-0.23535961 -0.15690637 -0.23535919
0.117679775 0.43149257 0.078453064
0.19613302 -0.039226532 0.39226627
0.0 0.117679596 0.62762547
-0.3138128 0.117679834 0.31381273
-0.5491724 -0.039226532 -0.1569066
-0.392266 -0.15690637 -0.50994587
-0.117679775 0.15690637 -0.4314928
0.23535958 -0.1961329 -0.23535919
0.0 -0.03922677 0.15690613
-0.3138128 -0.31381273 0.0
-0.5491724 0.039226532 -0.47071934
-0.50994575 0.2745862 -0.666852
0.35303938 0.117679834 -0.31381226
0.15690637 0.0784533 -0.27458668
-0.07845318 -0.0784533 0.27458668
-0.19613302 -0.31381273 0.86298466
0.62762564 0.15690637 0.27458668
0.6276256 0.31381273 -0.15690708
0.3138128 0.23535967 -0.117679596
-0.196133 -0.117679834 0.039226532
-0.35303938 -0.039226532 -0.039226532
0.117679805 0.117679834 0.0
0.50994575 -0.03922677 -0.078453064
0.43149257 0.0784533 0.117679596
0.35303938 -0.039226532 0.0
0.43149257 0.039226532 -0.39226532
0.66685224 -0.0784533 -0.39226627
0.7453053 -0.43149257 0.27458572
0.0784533 -0.15690637 0.745306
-0.117679834 0.43149257 0.39226532
-0.70607877 0.0 -0.3530388
2.0005565 -0.117679834 0.23535919
0.11768007 -0.62762547 -0.078453064
-0.07845354 -0.1569066 0.8237591
-0.35303926 0.0 0.47071886
-0.31381273 -0.078453064 -0.11768007
0.15690637 0.078453064 0.11768007
0.31381297 0.07845354 0.35303926
-0.07845354 0.039226532 0.3922658
0.039226532 -0.4314928 0.706079
-0.15690613 -0.74530506 0.2745862
-0.31381273 -0.3138132 -0.5491724
-0.3530395 0.19613314 -0.35303926
-0.23535967 0.039226532 -0.23535967
0.03922677 0.31381273 0.078453064
0.31381273 0.23535967 0.0
0.5491724 0.2745862 0.078453064
0.7060785 0.5491724 -0.117679596
0.35303974 0.66685224 -0.3922658
0.35303926 0.23535967 -0.50994587
0.2745862 0.1961329 -0.35303974
0.19613314 0.43149257 -0.5491724
-0.5491724 0.50994587 -0.23535919
-1.0983448 0.03922665 -0.15690613
0.15690613 0.117679715 0.039226532
0.19613314 -0.07845318 0.117679596
-0.1569066 0.03922665 -0.19613361
-0.7060785 0.07845318 -0.5491724
-0.66685224 0.19613302 -0.117679596
-0.23535967 -0.03922665 -0.039226532
-0.078453064 0.03922665 0.15690613
-0.23535967 0.15690637 0.07845402
-0.039226532 0.03922665 0.27458572
-0.117679834 0.117679715 0.039226532
-0.5491724 0.19613302 0.039226532
-0.2745862 0.23535961 -0.117679596
-0.07845318 0.2745862 0.039226532
0.07845318 0.0 -0.31381226
-0.07845318 -0.03922662 0.117679596
-0.039226532 -0.03922659 0.23535919
0.0 -0.1569064 0.117679596
0.039226532 0.07845318 -0.039226532
-0.07845318 -0.07845318 -0.117679596
0.07845318 -0.03922659 -0.078453064
-0.039226532 0.19613299 -0.078453064
-0.2745862 0.117679805 -0.15690613
-0.35303944 0.03922659 0.15690613
-0.19613299 0.03922659 -0.039226532
-0.07845321 0.07845321 -0.27458668
0.15690643 0.07845319 0.0
0.07845318 -0.1569064 0.23536015
0.35303938 0.196133 0.0
0.15690637 0.0784532 -0.19613361
0.19613302 0.1569064 0.0
-0.117679834 0.0 0.11768055
0.0 0.03922659 0.0
-0.39226592 0.23535961 0.117679596
-0.117679834 -0.07845321 -0.666852
0.117679834 -0.3138128 -0.3138132
-0.23535961 -0.78453195 0.4314928
-0.35303938 -0.47071916 0.9414377
0.6276256 0.82375854 -1.1375713
0.3138128 -0.588399 0.745306
0.39226592 -0.2745862 -0.117679596
0.03922665 0.15690637 -0.27458668
-0.07845318 0.35303944 -0.31381226
-0.35303938 0.35303938 -0.23536015
-0.3138128 0.27458617 0.117679596
-0.07845324 0.0 0.0
-0.07845318 0.0392266 0.27458668
-0.07845318 0.1176798 0.0
-0.2745862 0.1176798 0.19613266
-0.07845318 -0.1176798 0.19613266
0.07845318 -0.0392266 0.15690708
0.03922659 0.0392266 0.039226532
-0.15690638 -0.0392266 -0.117679596
-0.2745862 -0.0784532 -0.07845402
-0.1569064 0.0784532 -0.039226532
0.1569064 -0.0784532 -0.15690613
-0.0784532 0.19613299 -0.19613266
0.0 0.0 -0.039226532
0.1176798 0.0 0.0
0.0392266 -0.1176798 0.23535919
-0.0392266 -0.1176798 0.117679596
-0.0392266 0.0 -0.039226532
0.1569064 0.0784532 0.078453064
0.1176798 -0.0784532 0.11768055
0.2745862 -0.1176798 -0.039226532
0.07845318 0.1176798 0.039226532
-0.117679805 -0.1176798 0.117679596
0.0 -0.15690638 0.039226532
0.0 -0.117679834 -0.19613266
0.19613299 -0.15690637 -0.23536015
0.117679775 -0.15690643 0.3138132
0.19613302 -0.2745862 0.23535919
0.0 -0.07845318 -0.117679596
0.03922665 0.07845318 -0.19613266
0.117679715 0.31381285 -0.27458668
0.07845318 0.15690637 -0.15690613
-0.039226532 0.0 0.0
-0.117679834 0.1569064 0.19613266
0.03922665 0.03922659 0.19613266
-0.117679834 0.117679805 0.27458668
-0.117679775 0.0784532 0.15690613
-0.15690643 0.0 0.039226532
0.19613302 0.0 -0.078453064
-0.03922659 -0.039226606 -0.117679596
0.15690643 -0.03922659 -0.078453064
-0.03922665 -0.03922659 0.117679596
-0.03922659 -0.117679805 0.0
-0.07845318 -0.1569064 -0.117679596
-0.03922659 -0.117679775 -0.039226532
0.19613302 -0.23535961 -0.15690708
0.039226532 -0.117679834 -0.039226532
-0.15690637 0.0 0.0
-0.19613302 -0.07845318 0.0
-0.117679775 0.23535961 -0.117679596
-0.03922659 0.39226598 -0.15690613
-0.03922659 0.15690643 -0.19613266
0.15690637 -0.03922662 0.078453064
0.15690643 -0.03922659 0.31381226
0.117679775 0.0 0.19613361
0.117679775 -0.07845321 0.23535919
-0.07845318 0.0 0.078453064
-0.117679775 0.0 0.039226532
-0.15690643 -0.03922659 -0.039226532
0.0 0.0 -0.078453064
0.07845318 0.0 -0.19613266
-0.03922659 0.03922659 -0.39226627
-0.03922659 0.0 -0.3138132
-0.07845318 0.07845321 0.07845402
-0.07845318 0.0 0.39226532
0.0 -0.19613299 0.078453064
0.39226598 0.15690637 -0.117679596
0.15690643 0.117679834 0.23536015
0.07845318 -0.07845321 0.117679596
-0.03922665 0.07845321 0.0
-0.039226532 -0.03922662 -0.4314928
-0.19613302 0.3138128 0.27458668
-0.23535961 -0.23535958 0.23535919
0.5099458 0.03922659 -0.117679596
-0.117679834 0.0 0.039226532
-0.15690637 -0.07845318 0.15690613
-0.117679834 -0.3138128 -0.19613266
0.03922665 -0.03922659 -0.58839893
-0.19613302 0.39226598 0.47071934
-0.117679775 -0.35303938 0.15690613
0.6668522 -0.03922659 -0.39226627
0.117679834 0.03922659 0.117679596
-0.47071922 0.07845318 0.15690708
-0.47071922 -0.23535961 0.039226532
0.3138128 0.0 -0.58839893
0.23535961 0.35303938 0.078453064
-0.70607877 -0.07845318 0.58839893
0.5491724 0.07845318 -0.39226627
0.47071916 0.3530394 -0.117679596
-0.23535955 0.0392266 0.27458572
-0.3138128 -0.3138128 0.47071934
0.0 -0.35303935 -0.039226532
0.15690643 0.15690637 -0.039226532
-0.03922665 0.07845318 -0.15690613
0.07845324 0.0 0.0
0.15690643 -0.15690637 0.0
-0.07845324 0.0 -0.039226532
-0.117679775 0.0 -0.117679596
0.0 0.117679775 -0.23536015
0.2745862 0.07845318 -0.23535919
0.0 0.03922662 -0.117679596
0.07845318 0.07845321 -0.07845402
-0.03922665 0.03922659 0.0
-0.117679715 0.03922659 0.11768055
-0.117679834 0.03922659 0.23535919
-0.19613302 0.0 0.19613266
-0.07845318 -0.117679775 0.39226627
0.15690637 -0.03922662 0.27458668
0.07845324 -0.07845321 -0.039227486
0.0 0.07845321 0.0
0.03922659 0.0 -0.23535919
-0.117679834 0.0 -0.23535919
0.117679834 0.0 -0.07845402
0.0 -0.23535958 0.0
0.117679834 -0.117679775 0.15690708
-0.07845324 -0.15690643 0.0
-0.07845318 0.07845318 0.0
-0.23535961 0.03922659 0.039226532
-0.07845318 0.0 0.0
0.07845318 0.117679834 0.15690613
0.15690637 0.15690637 -0.039226532
0.0 0.07845321 0.15690613
0.03922665 0.07845321 0.039226532
0.07845318 0.07845318 -0.27458572
-0.03922659 0.0 0.0
0.15690643 -0.117679805 0.039226532
0.23535955 -0.07845321 -0.078453064
0.117679834 -0.117679775 -0.039226532
-0.117679834 -0.23535961 0.19613266
-0.07845318 -0.03922659 0.117679596
-0.19613302 0.19613302 -0.078453064
-0.23535961 0.3138128 0.0
-0.23535955 0.03922659 0.35303974
-0.2745862 0.07845318 0.50994587
0.0784532 0.07845321 0.039226532
0.19613302 0.1569064 -0.8629856
0.07845318 0.23535958 -1.1375713
0.0 0.4707192 -0.9414377
-0.4314926 0.35303944 -0.35303974
-0.0784532 0.31381273 0.15690613
0.0784532 -0.2745862 0.039226532
0.03922659 -0.117679775 0.078453064
-0.07845319 -0.07845318 0.50994587
-0.1569064 -0.19613302 0.745306
0.0392266 -0.23535958 0.31381226
0.1569064 -0.196133 0.0
0.03922659 -0.1176798 0.27458668
0.07845321 -0.1176798 0.117679596
0.117679775 -0.1569064 0.039226532
0.0 -0.03922659 0.0
-0.07845318 0.0 -0.117679596
-0.0784532 0.0 0.117679596
0.0 -0.039226606 0.0
0.0 -0.11767979 0.078453064
0.039226606 0.03922659 0.078453064
-0.039226606 0.03922659 -0.078453064
-0.1569064 0.07845321 -0.039226532
0.2353596 0.03922659 0.039226532
0.23535961 0.0 -0.117679596
0.03922659 0.0784532 0.039226532
-0.03922659 0.1569064 0.117679596
0.0 0.11767979 0.078453064
-0.117679805 0.117679805 -0.15690613
0.0 -0.0784532 -0.15690613
0.03922659 -0.0784532 -0.47071934
-0.19613299 0.03922659 -0.7845316
-0.196133 0.039226606 -0.90221214
-0.2745862 -0.0784532 0.74530506
0.11767979 -0.1569064 0.9414387
0.19613299 -0.1569064 0.4314928
0.1569064 -0.03922659 0.0
0.0 0.19613299 -0.078453064
-0.039226606 0.1176798 0.039226532
0.0 0.1569064 0.117679596
-0.1569064 0.0 -0.23536015
0.11767979 0.03922659 -0.23535919
-0.03922659 0.0 -0.039226532
-0.0392266 0.03922659 0.23535919
0.0392266 -0.11767979 0.19613361
0.03922659 -0.039226606 -0.039226532
-0.11767979 0.039226606 -0.11768055
0.0784532 -0.1176798 0.0
0.0784532 -0.1176798 -0.039226532
0.0784532 -0.2353596 0.0
0.07845318 0.039226606 -0.117679596
-0.07845318 0.03922659 -0.117679596
-0.03922659 0.0784532 -0.078453064
0.19613299 0.0784532 0.117679596
0.07845321 0.0784532 0.27458572
0.117679775 -0.0392266 0.0
0.0 0.0 -0.27458572
0.07845318 0.0784532 -0.15690613
0.07845324 0.07845319 -0.039226532
0.07845318 -0.07845319 -0.11768055
-0.07845318 -0.1176798 0.07845402
0.15690637 -0.1569064 0.039226532
0.03922665 -0.0784532 -0.11768055
-0.23535967 -0.0784532 0.039227486
0.03922665 -0.03922659 0.117679596
-0.15690643 -0.15690643 0.078453064
-0.07845318 -0.03922659 0.27458572
-0.117679805 0.0 0.19613361
0.07845321 -0.23535955 -0.15690708
-0.03922659 0.0 -0.039226532
-0.03922662 0.03922659 0.078453064
-0.07845321 -0.07845324 0.0
0.0 0.0 -0.117679596
0.0 0.117679834 0.0
-0.03922659 0.117679775 -0.078453064
-0.07845318 0.03922659 -0.117679596
0.0 0.117679805 0.039226532
0.07845318 0.03922662 0.0
-0.03922659 -0.07845321 0.078453064
-0.03922659 -0.117679805 0.19613266
0.03922659 -0.07845318 0.19613361
0.0 -0.15690643 0.078453064
0.0 -0.117679775 0.039226532
0.07845318 0.0 -0.039226532
0.0 -0.03922659 -0.039226532
0.03922662 -0.19613302 0.117679596
0.0 -0.15690637 0.117679596
-0.07845321 -0.117679834 -0.078453064
-0.07845318 0.0 -0.117679596
-0.117679805 0.0 -0.19613266
0.03922659 0.03922665 0.15690613
0.07845321 -0.117679834 0.15690613
-0.07845321 -0.039226532 0.078453064
0.0 -0.0784533 -0.078453064
0.039226606 -0.039226532 -0.039226532
0.0 0.039226532 -0.117679596
0.0 0.0784533 -0.039226532
0.039226606 0.0 0.0
-0.196133 -0.117679834 0.19613266
-0.0392266 -0.03922665 0.3138132
0.1569064 -0.07845318 0.31381226
0.0 -0.15690637 0.039226532
0.117679805 0.07845318 -0.23535919
0.117679805 0.15690637 -0.27458668
-0.03922662 0.117679834 -0.27458572
0.0 0.117679834 -0.39226627
-0.07845318 0.15690637 -0.31381226
0.03922659 0.0 0.0
0.03922659 -0.19613302 -0.117679596
-0.117679775 0.03922665 0.0
0.03922659 -0.03922665 0.23535919
0.07845318 -0.23535955 0.19613266
0.07845321 -0.117679834 0.23536015
0.0 -0.117679715 0.078453064
-0.117679805 0.078453064 0.078453064
-0.07845318 0.19613302 0.0
-0.117679805 -0.07845318 -0.15690613
0.03922659 0.03922665 0.039226532
0.0 0.039226532 0.078453064
0.0 -0.35303938 0.0
-0.07845319 -0.15690637 0.0
-0.1176798 -0.1961329 0.039226532
-0.1569064 -0.0784533 0.078453064
0.0392266 -0.117679834 0.0
-0.1176798 -0.078453064 -0.078453064
-0.11767979 0.0 -0.039226532
0.0 0.0 -0.15690613
0.0 0.0 0.078453064
0.3138128 0.0 0.19613266
-0.0784532 0.0 0.078453064
0.0 -0.117679834 0.0
-0.0392266 0.117679834 -0.078453064
-0.03922659 0.15690637 -0.039226532
0.0 -0.117679834 0.078453064
0.0 -0.0784533 0.039226532
-0.039226606 0.0 0.0
-0.11767979 -0.039226532 0.0
0.23535958 -0.0784533 -0.078453064
-0.07845319 -0.039226532 0.078453064
-0.117679805 0.15690637 0.117679596
0.03922659 -0.117679834 -0.117679596
0.196133 0.0784533 -0.117679596
0.0392266 0.0 -0.078453064
0.0392266 0.15690637 -0.19613266
-0.1569064 0.19613314 -0.07845402
-0.117679805 0.039226532 0.11768055
-0.117679775 -0.19613314 0.31381226
0.43149257 0.03922677 -0.19613266
0.1569064 0.039226532 0.039226532
-0.2745862 -0.039226532 0.19613266
-0.11767979 -0.03922677 -0.078453064
0.23535958 0.03922677 -0.19613266
0.19613299 0.2745862 -0.117679596
0.039226606 0.0 0.039226532
